,0,1,2,3,4,5,6,7,8,9,10,11,12,13,14,15,16,17,18,19,20,21,22,23,24,25,26,27,28,29,30,31,32,33,34,35,36,37,38,39,40,41,42,43,44,45,46,47,48,49,50,51,52,53,54,55,56,57,58,59,60,61,62,63,64,65,66,67,68,69,70,71,72,73,74,75,76,77,78,79,80,81,82,83,84,85,86,87,88,89,90,91,92,93,94,95,96,97,98,99,100,101,102,103,104,105,106,107,108,109,110,111,112,113,114,115,116,117,118,119,120,121,122,123,124,125,126,127,128,129,130,131,132,133,134,135,136,137,138,139,140,141,142,143,144,145,146,147,148,149
0,0.0,0.0067590466,0.009654973,0.0094455965,0.002194364,0.030717546,0.0073813824,0.0017220733,0.013108221,0.007216165,0.011577911,0.0040808455,0.00986265,0.017343204,0.023892883,0.051593333,0.019409657,0.0037602044,0.037775554,0.0075746933,0.014894609,0.011069478,0.013064207,0.021599805,0.0030994634,0.0062376508,0.009591753,0.004293719,0.0024438042,0.006733391,0.006012244,0.021124149,0.008100563,0.020279685,0.0054875417,0.006013401,0.009081573,0.0068993685,0.0137274675,0.002053444,0.00051857234,0.012651012,0.013487838,0.020362765,0.021868726,0.006541159,0.0055789594,0.010111865,0.008410247,0.0033742005,1.11021,0.98244846,1.1381608,0.5943166,1.0069624,0.7219517,1.0284762,0.22321814,0.96653795,0.5183673,0.29585448,0.79624367,0.6008225,0.89909536,0.50805837,0.9990826,0.77495617,0.54454285,0.9123562,0.50585634,1.0157744,0.7284691,0.99664485,0.8224429,0.86542815,0.97213614,1.0671197,1.1587487,0.87685007,0.4055518,0.4679161,0.4092064,0.58854026,0.9997141,0.7221662,0.92551994,1.0752513,0.85411197,0.60841244,0.5832837,0.6167558,0.883327,0.613157,0.24588785,0.63950956,0.61302304,0.6593106,0.81327266,0.23802647,0.64187425,1.313682,1.0460455,1.3187473,1.1728895,1.280234,1.3574029,0.69283587,1.31852,1.2244347,1.3593943,1.2095705,1.1708403,1.278605,1.0332978,1.1706583,1.2615961,1.1974514,1.3703799,1.3660702,0.9421478,1.3203357,1.0130883,1.3556949,1.0886731,1.2897661,1.307718,1.0619799,1.0639024,1.2362471,1.2693421,1.3228387,1.3655416,1.2512959,1.0353619,1.024775,1.3593032,1.2885147,1.1875693,1.0297519,1.28516,1.310133,1.2925477,1.0460455,1.3215787,1.3264853,1.2776507,1.1148487,1.2096683,1.254149,1.0502894
1,0.0067590466,0.0,0.005118996,0.004065884,0.0063067,0.036668193,0.0039686407,0.0051013953,0.0077014756,0.0018864337,0.017842397,0.0031818107,0.004452729,0.01270762,0.030494519,0.05813397,0.02579288,0.009608267,0.04355834,0.014167716,0.01968631,0.017054142,0.0098559065,0.025350846,0.0061239107,0.0054155686,0.013923712,0.010206337,0.00792827,0.0016172465,0.00091273536,0.025805473,0.01454803,0.027016671,0.0015043466,0.0024862243,0.015009927,0.005948327,0.008704384,0.007084642,0.0062774746,0.005904318,0.0089259045,0.024914328,0.027509056,0.0012181957,0.012306124,0.0054186354,0.014833146,0.0034121068,1.114502,0.9864301,1.1424432,0.59628755,1.0107489,0.72482,1.0325693,0.22462754,0.97031593,0.52060246,0.29692173,0.79959166,0.6028759,0.9025853,0.5107751,1.0030959,0.7781292,0.5470503,0.9153318,0.5079746,1.0197011,0.73155415,1.000152,0.82565635,0.86896163,0.97601,1.0711032,1.163016,0.88027537,0.4077699,0.469819,0.41104102,0.5911412,1.0032871,0.7251598,0.92946494,1.0793906,0.8570069,0.61133856,0.5854792,0.6190947,0.8868774,0.61565685,0.24724123,0.6420825,0.61598605,0.6622155,0.81663895,0.23971526,0.6446319,1.3183255,1.0497396,1.3234001,1.1771102,1.284775,1.3621521,0.6949864,1.3231676,1.2287533,1.3641624,1.2139869,1.175017,1.2831558,1.0368259,1.174816,1.2661186,1.2017828,1.3751744,1.3708344,0.94515806,1.3250029,1.0167006,1.3604355,1.092593,1.294371,1.3123635,1.0658548,1.0678625,1.240638,1.2738833,1.327494,1.3703313,1.255731,1.0391614,1.0283655,1.3640589,1.293115,1.1918933,1.0336117,1.2897424,1.3147653,1.2971495,1.0497396,1.3262453,1.3311683,1.2821985,1.1187739,1.2140371,1.2586752,1.0541711
2,0.009654973,0.005118996,0.0,0.001393122,0.008054711,0.040371656,0.0022912447,0.008498304,0.0035214662,0.003292828,0.021227358,0.0057134074,0.0013332845,0.007877928,0.03327143,0.060979094,0.029001107,0.013251423,0.0474166,0.017123802,0.024074469,0.02070727,0.0047927606,0.030147366,0.010402626,0.0104807075,0.01840415,0.013831908,0.0116360495,0.0037289425,0.005854433,0.03028541,0.01584331,0.029318169,0.0062984456,0.0038266722,0.01869745,0.004089176,0.0040787994,0.010853214,0.009143672,0.006117226,0.0039851884,0.029442763,0.031462435,0.006336239,0.014973965,0.00046350464,0.018040787,0.0067536924,1.119263,0.9912916,1.1472077,0.6014062,1.0156637,0.72989666,1.037397,0.22972693,0.9752328,0.5257192,0.301989,0.8046005,0.6079949,0.90756744,0.51586545,1.007948,0.78316677,0.552156,0.92039675,0.5130933,1.0245785,0.7366043,1.0051309,0.8306879,0.8739346,0.9809018,1.0759645,1.1677859,0.8852701,0.41288677,0.47493687,0.41615766,0.596241,1.0082521,0.730222,0.9343368,1.0842038,0.8620811,0.6164083,0.59059685,0.6242085,0.89184695,0.6207632,0.252336,0.64718443,0.6210515,0.6672879,0.8216445,0.24482869,0.6497193,1.3229458,1.0546774,1.3280163,1.1818964,1.2894397,1.3667237,0.70010483,1.3277861,1.233505,1.368725,1.2187017,1.179818,1.2878163,1.0418006,1.1796234,1.270791,1.2065297,1.379724,1.3753988,0.9502188,1.3296126,1.0216571,1.3650112,1.0974723,1.2990084,1.316983,1.0707465,1.0727305,1.2453626,1.2785479,1.3321091,1.3748833,1.2604387,1.044073,1.0333267,1.3686273,1.2977545,1.1966429,1.0385075,1.2943895,1.3193907,1.3017882,1.0546774,1.3308553,1.3357708,1.2868603,1.123652,1.2187701,1.2633461,1.059061
3,0.0094455965,0.004065884,0.001393122,0.0,0.008102389,0.04007114,0.0025423751,0.008108074,0.0037772749,0.0024444265,0.02099826,0.005375897,0.00042656998,0.008653509,0.03327259,0.060987644,0.028855205,0.012881638,0.047063388,0.017007135,0.023478918,0.020385081,0.006097149,0.029353375,0.009780349,0.009481447,0.01775487,0.013474129,0.01122434,0.002945045,0.0048920186,0.029656578,0.016182084,0.029453091,0.005402293,0.0034330408,0.018354101,0.0048473133,0.0046707415,0.010409409,0.008927121,0.004919177,0.0048624775,0.02879011,0.031057026,0.0052561867,0.014923826,0.00148982,0.017852271,0.00629282,1.1185046,0.9904673,1.1464473,0.6002628,1.0148005,0.7288757,1.0365958,0.228528,0.9743681,0.5246099,0.30075285,0.8036574,0.60686165,0.9066491,0.51482326,1.0071303,0.7821942,0.55108327,0.9193917,0.5119691,1.0237429,0.73561746,1.0042154,0.82972187,0.8730243,0.9800558,1.0751405,1.1670221,0.88434035,0.41177678,0.4737866,0.41500014,0.59518117,1.0073487,0.72922057,0.9335052,1.0834123,0.86106366,0.6153969,0.5894818,0.6231121,0.89093965,0.6196888,0.25113007,0.6461202,0.62004584,0.6662729,0.8207046,0.2436594,0.648682,1.3222697,1.0537963,1.3273425,1.1811223,1.2887387,1.366074,0.6989832,1.327111,1.2327524,1.3680801,1.2179716,1.1790345,1.2871176,1.0408889,1.1788356,1.2700856,1.2057801,1.379086,1.3747529,0.9492191,1.3289423,1.0207608,1.3643593,1.0966353,1.2983227,1.3163073,1.0699006,1.0719017,1.2446265,1.277847,1.3314358,1.374244,1.2597127,1.0432123,1.0324265,1.3679793,1.2970678,1.1958917,1.0376586,1.2936984,1.3187118,1.3011019,1.0537963,1.3301848,1.3351045,1.286161,1.122816,1.218029,1.2626415,1.0582165
4,0.002194364,0.0063067,0.008054711,0.008102389,0.0,0.03248294,0.0057696025,0.002604268,0.011571812,0.006177326,0.013309065,0.0031545167,0.008494494,0.015501293,0.025222186,0.052934583,0.020979129,0.0058822036,0.039591715,0.009108716,0.017020233,0.01294996,0.011047917,0.023785537,0.0048801936,0.0075175366,0.011780657,0.006377252,0.0046378337,0.005763636,0.005785984,0.023238018,0.008303021,0.021350702,0.0054086978,0.004806261,0.011018892,0.004846464,0.01205772,0.0041794544,0.0018860381,0.011944411,0.011709417,0.022494432,0.023780845,0.0064958297,0.0069272844,0.008518213,0.010093526,0.003102373,1.1122961,0.98457086,1.1402481,0.59650403,1.0091031,0.7241416,1.0305866,0.22537944,0.96867937,0.52055997,0.29799506,0.7984152,0.603012,0.90125835,0.51025116,1.0012016,0.7771361,0.5467372,0.91454315,0.5080471,1.0179021,0.7306525,0.99880666,0.824621,0.86758834,0.97426903,1.0692418,1.160838,0.8790171,0.4077441,0.47010136,0.41138917,0.5907342,1.0018715,0.72435266,0.9276461,1.0773563,0.85630107,0.610601,0.5854759,0.6189496,0.885486,0.6153513,0.24804635,0.64170367,0.6152106,0.6614997,0.81544316,0.24020216,0.6440664,1.3157154,1.0481938,1.3207792,1.1749846,1.2822841,1.3594179,0.6950274,1.3205528,1.2265172,1.361406,1.2116394,1.1729407,1.2806537,1.0354581,1.1727611,1.2636491,1.199532,1.3723867,1.3680825,0.9443336,1.3223653,1.0152428,1.3577116,1.0908015,1.2918061,1.3097513,1.0641125,1.0660268,1.2383196,1.2713922,1.3248701,1.3675492,1.253362,1.0375015,1.026931,1.3613172,1.2905555,1.189651,1.0318861,1.2872036,1.3121684,1.2945881,1.0481938,1.3236084,1.3285121,1.2796998,1.1169766,1.211744,1.2562015,1.0524215
5,0.030717546,0.036668193,0.040371656,0.04007114,0.03248294,0.0,0.03809793,0.031963084,0.043798786,0.037703555,0.01917432,0.034715038,0.040495843,0.047984164,0.0105738435,0.023520742,0.011928912,0.027192052,0.0072214915,0.023426387,0.017845389,0.019686062,0.043408476,0.016984476,0.030547075,0.032366443,0.0232859,0.026597947,0.02885974,0.03719732,0.035762656,0.013438346,0.026872506,0.0152757745,0.03516603,0.036658566,0.021719448,0.037259996,0.044444922,0.029687814,0.031228019,0.04224545,0.04417514,0.014432919,0.009378591,0.035878707,0.025669806,0.04082736,0.022389872,0.033782613,1.0813116,0.9542267,1.1092801,0.57192916,0.97919077,0.6966864,1.0000025,0.20379059,0.9387915,0.49518433,0.27728313,0.7696164,0.5781574,0.8720741,0.48337376,0.9707879,0.7488085,0.52047,0.8867232,0.48306865,0.98767364,0.7025815,0.9695634,0.79617107,0.83830225,0.9441626,1.038885,1.1298976,0.85000056,0.3825764,0.4458959,0.38751656,0.56414485,0.97246546,0.69653934,0.8973884,1.0466737,0.8287243,0.58303356,0.5601694,0.59315693,0.85615456,0.5890563,0.22650954,0.6151673,0.5875345,0.6339667,0.7865926,0.21745574,0.61697257,1.2841142,1.0184914,1.2891635,1.1441331,1.2508484,1.327658,0.6697913,1.2889453,1.195476,1.3296189,1.1804208,1.1421758,1.2492021,1.0061574,1.1420344,1.232245,1.1684684,1.3405626,1.336301,0.91641,1.2907277,0.9857399,1.3259641,1.0605808,1.2602665,1.2781475,1.0339938,1.0357207,1.2071452,1.2399566,1.2932504,1.3357319,1.2221084,1.0075557,0.997479,1.329548,1.2590233,1.1586016,1.0018047,1.2557002,1.2805847,1.2630532,1.0184914,1.2919717,1.2968502,1.248253,1.0867418,1.1806109,1.2247913,1.0222887
6,0.0073813824,0.0039686407,0.0022912447,0.0025423751,0.0057696025,0.03809793,0.0,0.0063034385,0.0058024474,0.0021837328,0.01894507,0.0035399764,0.0028676696,0.010024882,0.03099105,0.05870193,0.026710132,0.01101837,0.045154758,0.014832698,0.021939617,0.018445758,0.006257086,0.028171623,0.008351148,0.008911273,0.01632275,0.011592392,0.009428684,0.0023514426,0.0044369204,0.028165746,0.013685143,0.027070448,0.004727092,0.0018539175,0.01644433,0.0024533032,0.0063476353,0.008667794,0.0068735615,0.007249075,0.006137738,0.027341675,0.029221602,0.0051130042,0.012684068,0.0027539455,0.015754264,0.0046375394,1.1172124,0.9893034,1.1451591,0.5998951,1.0137167,0.72815925,1.0353861,0.22835328,0.9732876,0.52413833,0.3007157,0.8027503,0.60646224,0.90568537,0.51416343,1.0059533,0.78135705,0.55050623,0.9186342,0.51154244,1.0226016,0.734815,1.0032451,0.82886887,0.8720428,0.97893614,1.0739759,1.1657403,0.8834026,0.41130835,0.47344193,0.41467947,0.5945684,1.0063517,0.7284544,0.9323562,1.0821835,0.86033773,0.6146563,0.589027,0.62260216,0.8899513,0.619116,0.25097972,0.64551914,0.61929065,0.6655413,0.81979024,0.2433814,0.64800835,1.3208296,1.0527503,1.3258984,1.1798599,1.287342,1.364589,0.69854766,1.3256692,1.2314492,1.366587,1.2166274,1.1777903,1.2857169,1.0399102,1.1775994,1.2686967,1.2044715,1.3775816,1.3732615,0.94844794,1.3274922,1.019748,1.362878,1.0954971,1.2968991,1.3148664,1.0687808,1.0707468,1.243293,1.2764502,1.3299907,1.3727417,1.2583606,1.0421232,1.0314225,1.3664916,1.295646,1.1945862,1.0365448,1.2922843,1.3172765,1.2996795,1.0527503,1.328735,1.3336476,1.2847614,1.1216756,1.2167047,1.2612511,1.0570937
7,0.0017220733,0.0051013953,0.008498304,0.008108074,0.002604268,0.031963084,0.0063034385,0.0,0.011849062,0.005764601,0.012922269,0.0027849157,0.008532919,0.01632712,0.025431154,0.053104244,0.020829929,0.004775878,0.038963042,0.009092979,0.01564757,0.012277035,0.0123257665,0.022049038,0.0024276904,0.0049367957,0.010093413,0.005366667,0.003138286,0.0052639865,0.0043190424,0.02187959,0.009801032,0.02191556,0.0037793529,0.004708533,0.010246767,0.006372576,0.0125694275,0.0023644762,0.0013279269,0.011005601,0.012435478,0.021069432,0.022977026,0.0048228726,0.007205603,0.008940281,0.009825902,0.0018296433,1.1109573,0.983104,1.1389054,0.59441036,1.0075613,0.7222901,1.0291646,0.22315219,0.9671343,0.5185308,0.29570442,0.7967165,0.6009383,0.8996089,0.5083527,0.99974746,0.77537966,0.5447805,0.9127253,0.5059883,1.0164139,0.72886765,0.9971637,0.822878,0.865954,0.97276026,1.0677761,1.1594888,0.8773452,0.40570858,0.46798992,0.4092608,0.58880395,1.0002517,0.72253925,0.9261646,1.0759534,0.85445845,0.60876584,0.58343744,0.6169485,0.8838577,0.6133933,0.24580902,0.6397661,0.6133867,0.65965855,0.81375074,0.23803505,0.64218146,1.3145356,1.046618,1.3196037,1.1736158,1.2810564,1.3582889,0.6929786,1.3193748,1.2251903,1.3602862,1.2103553,1.1715536,1.2794304,1.0338227,1.1713661,1.2624129,1.1982106,1.37128,1.3669608,0.94252664,1.3211966,1.0136372,1.3565784,1.0893109,1.2906079,1.3085723,1.0626047,1.064552,1.2370242,1.2701645,1.3236959,1.36644,1.2520863,1.0359647,1.0253178,1.3601912,1.2893552,1.1883264,1.0303721,1.2859949,1.3109832,1.2933886,1.046618,1.3224394,1.327351,1.2784752,1.1154882,1.2104387,1.2549669,1.0509161
8,0.013108221,0.0077014756,0.0035214662,0.0037772749,0.011571812,0.043798786,0.0058024474,0.011849062,0.0,0.006217642,0.024685392,0.009084154,0.0033520784,0.005146204,0.036791682,0.06450029,0.032493412,0.016624603,0.05081198,0.020619854,0.02725292,0.024116402,0.0047167544,0.03305218,0.013556393,0.013064863,0.021522127,0.017213615,0.014978117,0.006720828,0.008577379,0.033423856,0.019309705,0.032832816,0.009119052,0.007142807,0.022092419,0.0074358527,0.0012505661,0.014170286,0.012592443,0.0054642977,0.0021195607,0.032551974,0.034818687,0.008824444,0.018483873,0.0030588296,0.021513743,0.01004833,1.1222032,0.9941158,1.1501443,0.6034014,1.0184125,0.73227596,1.0402634,0.23151281,0.97797847,0.5278337,0.30360234,0.80717653,0.6100263,0.9101997,0.5181867,1.0107843,0.78567183,0.554387,0.9228183,0.5151573,1.0273814,0.73907375,1.0077692,0.8332089,0.8765846,0.9836847,1.078789,1.1707169,0.88787663,0.41500038,0.4769081,0.4181028,0.59851044,1.0109168,0.7326537,0.93714726,1.0870874,0.8644696,0.61881423,0.59269136,0.6263644,0.8945035,0.6229886,0.2540905,0.6494404,0.62347263,0.66968375,0.8242278,0.24673413,0.6520537,1.3260123,1.0573897,1.3310859,1.18481,1.2924699,1.3698266,0.70217615,1.3308538,1.2364547,1.3718344,1.2216872,1.1827154,1.2908499,1.0444472,1.1825135,1.2738146,1.2094842,1.3828425,1.3785068,0.9526545,1.3326873,1.0243373,1.3681111,1.1002724,1.3020611,1.32005,1.0735294,1.0755461,1.2483389,1.2815782,1.3351796,1.3780001,1.2634308,1.0468267,1.0359983,1.3717325,1.3008056,1.1995947,1.0412846,1.2974342,1.322453,1.30484,1.0573897,1.3339297,1.3388509,1.2898929,1.126454,1.2217383,1.266371,1.0618465
9,0.007216165,0.0018864337,0.003292828,0.0024444265,0.006177326,0.037703555,0.0021837328,0.005764601,0.006217642,0.0,0.018686593,0.0031555523,0.0028669385,0.01105407,0.031108143,0.058809288,0.026584461,0.010514532,0.044671427,0.01478754,0.021035647,0.018022679,0.007980978,0.026936106,0.007339063,0.007188181,0.015310498,0.011110861,0.00884382,0.0005077055,0.0025626277,0.027212165,0.014456083,0.027419457,0.003014011,0.001408706,0.015984902,0.004438183,0.007100612,0.008018016,0.006700537,0.005830925,0.007205263,0.026346339,0.028650953,0.0030953786,0.0127730975,0.0036350118,0.015575749,0.00393506,1.1160812,0.9880662,1.1440244,0.5981401,1.0124171,0.7266041,1.0341859,0.22650191,0.97198534,0.5224385,0.29880494,0.8013216,0.6047238,0.90429676,0.51257277,1.0047265,0.77988046,0.5488663,0.9171054,0.50981826,1.0213466,0.7333153,1.0018612,0.827403,0.870667,0.9776642,1.0727392,1.1646001,0.8819955,0.40960643,0.4716747,0.41289988,0.5929496,1.0049872,0.726931,0.93110716,1.080999,0.8587887,0.6131164,0.5873182,0.62092394,0.88858044,0.6174737,0.24911758,0.6438935,0.61776006,0.6639957,0.8183666,0.24157925,0.6464265,1.3198301,1.0514221,1.3249025,1.1787034,1.2863027,1.3636316,0.69682866,1.3246711,1.2303275,1.3656374,1.2155411,1.1766185,1.2846812,1.0385324,1.176421,1.2676502,1.2033544,1.3766428,1.3723102,0.94692796,1.326502,1.0183951,1.361917,1.0942397,1.2958843,1.3138676,1.0675089,1.0695025,1.2421975,1.2754109,1.3289958,1.3718009,1.2572814,1.0408276,1.0300632,1.3655368,1.2946295,1.1934663,1.0352682,1.2912607,1.3162724,1.2986635,1.0514221,1.3277444,1.3326637,1.2837247,1.1204199,1.2156011,1.2602061,1.0558242
10,0.011577911,0.017842397,0.021227358,0.02099826,0.013309065,0.01917432,0.01894507,0.012922269,0.024685392,0.018686593,0.0,0.015622879,0.021419352,0.028810332,0.012933191,0.04034797,0.007958998,0.008234132,0.02629117,0.0043343045,0.0067259884,0.0015288267,0.02427374,0.013962571,0.011852098,0.0143578695,0.006919022,0.0076361964,0.009915126,0.018186232,0.01696359,0.01167095,0.009072588,0.010530978,0.016369209,0.01756796,0.0030736348,0.018100994,0.025291903,0.0107586,0.012093071,0.023641972,0.025003424,0.0112884985,0.010685629,0.017209888,0.006581239,0.021685895,0.003219749,0.014751905,1.0995657,0.97209185,1.1275245,0.5862878,0.99679554,0.7127971,1.0180135,0.21614307,0.95638067,0.5100137,0.28918344,0.7865426,0.5926858,0.88923687,0.49911174,0.98869544,0.7654491,0.53584373,0.90306413,0.49765506,1.0054696,0.71906453,0.98676443,0.81288785,0.8555254,0.9618839,1.0567591,1.1481255,0.8670614,0.3972516,0.46000516,0.40140566,0.57971966,0.98976463,0.7128663,0.91520023,1.0647448,0.8449162,0.5992026,0.57496804,0.6082538,0.8734057,0.6044562,0.23886126,0.63071597,0.6037697,0.6501195,0.8035508,0.23054168,0.63285834,1.3027434,1.0359703,1.3078014,1.1623074,1.269377,1.3463837,0.68456143,1.3075783,1.2137654,1.348361,1.1988175,1.1602978,1.2677402,1.0233939,1.1601332,1.2507544,1.1867712,1.3593273,1.3550398,0.93281454,1.3093789,1.0030979,1.3446822,1.0783731,1.2788581,1.2967782,1.0517242,1.0535642,1.2255152,1.2584851,1.3118908,1.3544925,1.2405266,1.0251812,1.0148065,1.3482792,1.2776104,1.1768957,1.0195119,1.2742698,1.2992032,1.281642,1.0359703,1.3106223,1.3155162,1.2667882,1.104543,1.1989558,1.2433043,1.0400273
11,0.0040808455,0.0031818107,0.0057134074,0.005375897,0.0031545167,0.034715038,0.0035399764,0.0027849157,0.009084154,0.0031555523,0.015622879,0.0,0.005796496,0.01355231,0.027961487,0.055667896,0.0234845,0.0075483434,0.041732177,0.011654814,0.018400688,0.015032326,0.009685722,0.024670571,0.0048461375,0.0060322373,0.012787846,0.008133936,0.0059229443,0.0026926014,0.002795556,0.024625894,0.011448599,0.024266759,0.0025783388,0.0019457272,0.013010186,0.0041133985,0.009785312,0.0051423763,0.0035626788,0.008813604,0.009657688,0.023802113,0.025757253,0.003580895,0.009619894,0.006155707,0.012478484,0.001130615,1.113677,0.98578423,1.141624,0.5966938,1.0102133,0.7247768,1.0318598,0.22528717,0.96978486,0.5208776,0.29774603,0.79929554,0.6032419,0.90221286,0.5108073,1.002432,0.77792645,0.5471896,0.915234,0.5083072,1.0190866,0.73139757,0.99977064,0.8254324,0.8685652,0.9754251,1.0704566,1.1622057,0.87993795,0.40805075,0.47025594,0.41150934,0.5912338,1.0028697,0.7250512,0.9288397,1.0786546,0.8569508,0.6112641,0.5857751,0.61931974,0.88647187,0.61580104,0.24792932,0.64219,0.61589235,0.66215265,0.81633306,0.24024427,0.64464504,1.3172903,1.0492556,1.3223592,1.1763271,1.283802,1.3610519,0.6953059,1.3221298,1.227913,1.3630505,1.2130886,1.1742595,1.282177,1.0364332,1.1740696,1.2651567,1.2009348,1.3740461,1.3697249,0.94504225,1.3239533,1.0162617,1.3593407,1.0919825,1.2933593,1.3113271,1.0652697,1.0672292,1.2397549,1.2729102,1.3264515,1.3692058,1.2548217,1.0386186,1.0279386,1.3629546,1.2921063,1.1910497,1.0330349,1.2887443,1.3137369,1.2961397,1.0492556,1.325196,1.3301089,1.2812215,1.1181606,1.2131671,1.2577112,1.0535821
12,0.00986265,0.004452729,0.0013332845,0.00042656998,0.008494494,0.040495843,0.0028676696,0.008532919,0.0033520784,0.0028669385,0.021419352,0.005796496,0.0,0.008256337,0.033678252,0.061393738,0.029272214,0.0133069595,0.047489375,0.017420609,0.023902452,0.020809792,0.0058628893,0.029762086,0.010204639,0.0098663345,0.018176392,0.013899223,0.011650324,0.00336902,0.005292033,0.030078243,0.016540036,0.029843919,0.005810098,0.003852145,0.018779265,0.0050918,0.004262975,0.010835754,0.009344294,0.0048065167,0.0044936053,0.029210499,0.031483505,0.005631804,0.015331214,0.0012933691,0.018270746,0.0067186654,1.1189146,0.99086976,1.146857,0.6005979,1.0151978,0.72924435,1.037001,0.2288431,0.97476506,0.52495575,0.30105147,0.80404186,0.6072,0.90703785,0.51518697,1.0075334,0.7825731,0.55143934,0.9197638,0.5123103,1.0241439,0.7359935,1.0046046,0.83010197,0.8734144,0.98045546,1.0755429,1.1674314,0.8847272,0.4121225,0.47411945,0.41533056,0.5955406,1.0077398,0.7295935,0.9339067,1.0838187,0.8614331,0.6157678,0.58982587,0.6234616,0.8913302,0.6200444,0.25144225,0.6464784,0.62041795,0.6666429,0.82108957,0.24398586,0.6490469,1.3226868,1.054191,1.3277597,1.1815306,1.2891538,1.3664929,0.6993252,1.3275281,1.233163,1.3684994,1.2183841,1.1794417,1.2875329,1.0412787,1.1792424,1.2705003,1.206191,1.3795056,1.375172,0.9495924,1.3293598,1.0211531,1.364778,1.0970361,1.2987391,1.3167244,1.0703002,1.0723035,1.2450386,1.2782621,1.3318532,1.3746636,1.2601256,1.0436099,1.0328182,1.3683983,1.2974839,1.1963023,1.0380578,1.2941142,1.3191286,1.3015182,1.054191,1.3306023,1.3355223,1.2865763,1.1232169,1.2184405,1.2630564,1.0586163
13,0.017343204,0.01270762,0.007877928,0.008653509,0.015501293,0.047984164,0.010024882,0.01632712,0.005146204,0.01105407,0.028810332,0.01355231,0.008256337,0.0,0.040366586,0.06795176,0.03641133,0.021031687,0.055087343,0.024584442,0.0319448,0.028403804,0.0049702786,0.037989628,0.018280493,0.018116212,0.026282078,0.021599378,0.019453205,0.011532079,0.013545485,0.03816058,0.022370424,0.036123864,0.01405073,0.0117011415,0.02642474,0.010765712,0.0040151076,0.018690836,0.016847864,0.01018622,0.0038971798,0.037320375,0.039211903,0.0138737345,0.022363516,0.007467439,0.025594417,0.014619321,1.127128,0.9991178,1.155072,0.60852736,1.0234537,0.73741585,1.0452399,0.23659834,0.98302114,0.53297424,0.30863446,0.8122808,0.61515754,0.91528714,0.52333087,1.0157794,0.7907929,0.55953306,0.9279534,0.52029276,1.0323952,0.7442015,1.0128547,0.83832663,0.88166595,0.98870915,1.0837909,1.1756487,0.8929722,0.42014104,0.4820305,0.42322096,0.6036565,1.015993,0.7377873,0.942157,1.0920527,0.86960864,0.6239511,0.59783,0.6315079,0.89958256,0.62813467,0.2591671,0.65458655,0.62860763,0.67482185,0.82933,0.2518464,0.6571972,1.3308233,1.0624471,1.3358935,1.1897546,1.2973173,1.3745973,0.7073123,1.3356634,1.2413722,1.3765975,1.2265753,1.1876714,1.2956941,1.0495299,1.1874745,1.2786683,1.2143979,1.3875949,1.3832716,0.9577877,1.3374895,1.0294076,1.3728853,1.1052879,1.3068862,1.3248603,1.0785539,1.080553,1.2532349,1.2864256,1.3399862,1.3827544,1.268313,1.0518657,1.041072,1.3765006,1.3056324,1.2045106,1.046312,1.3022674,1.3272682,1.3096662,1.0624471,1.3387322,1.3436472,1.294738,1.1314684,1.2266409,1.2712234,1.0668696
14,0.023892883,0.030494519,0.03327143,0.03327259,0.025222186,0.0105738435,0.03099105,0.025431154,0.036791682,0.031108143,0.012933191,0.027961487,0.033678252,0.040366586,0.0,0.027715702,0.005443668,0.020978173,0.017278431,0.016338438,0.015576685,0.014120522,0.035524894,0.019139959,0.024677785,0.027290365,0.019237744,0.020395318,0.022623174,0.030626222,0.029649364,0.01504605,0.01816362,0.004913925,0.029065594,0.029866055,0.015996808,0.029659458,0.03721947,0.02345877,0.024407757,0.03637288,0.03676195,0.015614097,0.009725353,0.029973196,0.018350447,0.03373474,0.015690101,0.027231809,1.0911446,0.96427995,1.119119,0.58249325,0.9893548,0.70719546,1.0099818,0.21413466,0.94896215,0.5057579,0.28757456,0.77998817,0.5887267,0.8823845,0.49392018,0.98082054,0.75923926,0.5310353,0.8972007,0.49363872,0.9977582,0.71304005,0.9798616,0.8065867,0.8485962,0.95428026,1.0489326,1.1397471,0.86033833,0.3931475,0.4564471,0.39805278,0.57470036,0.9827346,0.70702124,0.90746737,1.056619,0.8392222,0.5935378,0.57074296,0.6037291,0.86644,0.59962004,0.23685987,0.6257237,0.59803057,0.6444719,0.79695654,0.22790185,0.62750524,1.2936378,1.0287012,1.2986778,1.1540165,1.260468,1.3370757,0.6803648,1.2984649,1.2052835,1.3390172,1.1901505,1.1520908,1.258813,1.0164449,1.1519629,1.2418816,1.1782669,1.349933,1.3457031,0.9268779,1.3002282,0.9959905,1.3353907,1.0706658,1.2698274,1.2876693,1.0441064,1.0457827,1.2168947,1.2495763,1.3027623,1.3451076,1.2318208,1.0177113,1.0077391,1.3389591,1.2685885,1.1684064,1.0119274,1.265282,1.2901189,1.2726169,1.0287012,1.3014728,1.3063351,1.2578664,1.0968225,1.1903794,1.2344251,1.0323979
15,0.051593333,0.05813397,0.060979094,0.060987644,0.052934583,0.023520742,0.05870193,0.053104244,0.06450029,0.058809288,0.04034797,0.055667896,0.061393738,0.06795176,0.027715702,0.0,0.032396853,0.048550658,0.01965327,0.04402385,0.04087489,0.041319795,0.06305191,0.04044091,0.052199777,0.054563146,0.045846824,0.047957603,0.050219275,0.058323923,0.057272073,0.03695629,0.04559695,0.031835053,0.056682058,0.05757803,0.043319244,0.057312347,0.064904906,0.05106119,0.052109607,0.063977055,0.06441703,0.037945054,0.03248997,0.05755001,0.046064295,0.061442148,0.043300997,0.054915905,1.0684602,0.9426442,1.0964556,0.56852955,0.9683509,0.68963957,0.9879621,0.20526749,0.92800826,0.49100295,0.27891392,0.760634,0.574432,0.8624499,0.4773705,0.9590732,0.74052376,0.5151668,0.87905294,0.47937486,0.97628593,0.6946942,0.9598042,0.78767896,0.828538,0.93300444,1.0272515,1.1171249,0.8406436,0.37893793,0.44316503,0.38533044,0.5583695,0.9624514,0.6890118,0.8859829,1.0344315,0.8214146,0.57596153,0.5559518,0.58831614,0.84630996,0.58361167,0.22777084,0.60938895,0.58031005,0.62687975,0.77752197,0.21756338,0.61048305,1.2698267,1.0079855,1.2748382,1.1315362,1.2369702,1.3129468,0.66550875,1.274641,1.1824815,1.3148327,1.1670496,1.1297501,1.2352867,0.9962949,1.129683,1.218444,1.1554322,1.3256707,1.3215293,0.9085833,1.2763463,0.97556716,1.311287,1.0491836,1.2461364,1.263854,1.022783,1.0241792,1.1938655,1.2260803,1.2789146,1.3208598,1.2086519,0.99664956,0.98738265,1.3148112,1.2449116,1.1455976,0.9906691,1.2416593,1.2663418,1.2489341,1.0079855,1.2775924,1.282405,1.2343488,1.075312,1.1674254,1.2109778,1.0110573
16,0.019409657,0.02579288,0.029001107,0.028855205,0.020979129,0.011928912,0.026710132,0.020829929,0.032493412,0.026584461,0.007958998,0.0234845,0.029272214,0.03641133,0.005443668,0.032396853,0.0,0.016186774,0.019149646,0.011877708,0.010189981,0.0089503005,0.03171633,0.014581401,0.019808674,0.022210315,0.01386963,0.015590105,0.017864773,0.026088357,0.024917932,0.010692081,0.014944024,0.0058951033,0.024324382,0.025422605,0.01092762,0.025646131,0.03303413,0.018708369,0.0199281,0.03160096,0.032676026,0.011038966,0.0061730724,0.025168847,0.014060282,0.029463178,0.011009094,0.02265674,1.0931867,0.9660105,1.1211534,0.58232725,0.9909007,0.70785356,1.0118239,0.21314035,0.9504965,0.50579214,0.2864363,0.78109837,0.58863384,0.8836406,0.49437818,0.982583,0.7601846,0.5313205,0.89798605,0.49356523,0.9994388,0.7138964,0.98114383,0.8075766,0.8498889,0.9559065,1.0506716,1.1417677,0.86153144,0.39310357,0.45616803,0.39767775,0.57508427,0.98407876,0.707793,0.90915745,1.0585095,0.8399271,0.5942208,0.5707675,0.60388994,0.86775076,0.5999217,0.23587143,0.62609774,0.5987485,0.6451491,0.7980863,0.22718187,0.6280451,1.2960402,1.0301629,1.3010899,1.1559923,1.2627659,1.3395869,0.68038183,1.3008715,1.207358,1.3415477,1.192321,1.1540235,1.2611206,1.0177501,1.153877,1.2441603,1.1803527,1.3524909,1.3482299,0.9276982,1.3026547,0.99737257,1.3378929,1.0723454,1.2721897,1.2900734,1.045741,1.0474991,1.2190412,1.251874,1.305177,1.3476604,1.2340118,1.019272,1.0091019,1.3414769,1.2709463,1.1704844,1.0135449,1.2676216,1.2925099,1.2749763,1.0301629,1.3038987,1.3087779,1.260171,1.0985088,1.1925026,1.2367071,1.0340381
17,0.0037602044,0.009608267,0.013251423,0.012881638,0.0058822036,0.027192052,0.01101837,0.004775878,0.016624603,0.010514532,0.008234132,0.0075483434,0.0133069595,0.021031687,0.020978173,0.048550658,0.016186774,0.0,0.034187373,0.004859966,0.011141997,0.007508265,0.016821118,0.017959598,0.003720736,0.006742199,0.0060139904,0.00059921795,0.0016829763,0.01000928,0.008731161,0.0173673,0.007926617,0.01781587,0.008137835,0.009482682,0.0054728948,0.010658887,0.017328748,0.0025254483,0.0042200023,0.0154264765,0.017154245,0.016614344,0.018211128,0.0090039745,0.0037519103,0.01369867,0.0052913325,0.0065907044,1.1064498,0.9786966,1.1344007,0.5908596,1.0032218,0.7183181,1.02472,0.2199225,0.9627979,0.5148534,0.292648,0.7925438,0.5973467,0.8953799,0.504452,0.9953293,0.77127796,0.5409739,0.9087052,0.5023679,1.0120251,0.72480303,0.99292755,0.81875926,0.8617085,0.96838987,1.0633677,1.1549889,0.8731414,0.40204433,0.4644777,0.4057862,0.58495337,0.9959905,0.7185133,0.9217699,1.0714937,0.8504734,0.60477066,0.5797771,0.6132189,0.8796057,0.60958856,0.24260458,0.63592726,0.60937554,0.65567166,0.80957067,0.23465422,0.6382594,1.309929,1.0423117,1.3149947,1.1691302,1.276477,1.3536559,0.6893375,1.3147672,1.2206745,1.3556486,1.2058108,1.1670817,1.2748483,1.0295783,1.1669003,1.2578385,1.1936911,1.3666362,1.3623242,0.9384915,1.316584,1.0093613,1.3519474,1.0849242,1.2860113,1.3039652,1.0582335,1.0601515,1.2324871,1.2655851,1.3190862,1.3617975,1.2475364,1.0316203,1.0210499,1.3555567,1.2847599,1.183809,1.0260065,1.2814044,1.3063794,1.2887928,1.0423117,1.3178269,1.3227344,1.2738938,1.1110996,1.2059082,1.2503915,1.0465426
18,0.037775554,0.04355834,0.0474166,0.047063388,0.039591715,0.0072214915,0.045154758,0.038963042,0.05081198,0.044671427,0.02629117,0.041732177,0.047489375,0.055087343,0.017278431,0.01965327,0.019149646,0.034187373,0.0,0.030577099,0.0242739,0.026709676,0.050558683,0.021827959,0.037436936,0.0390521,0.029918922,0.03359891,0.035839055,0.04416394,0.042647887,0.019018026,0.034093585,0.022145046,0.042053994,0.043669757,0.028722502,0.04439212,0.05149477,0.036656484,0.038281422,0.04902142,0.051257133,0.02004433,0.016052583,0.04271758,0.032826133,0.047868937,0.029510917,0.040770784,1.0741372,0.94711685,1.1021069,0.56573117,0.9721312,0.689987,0.9928666,0.19835247,0.93173546,0.48885536,0.27193564,0.7627099,0.5719086,0.86511093,0.47678715,0.96367025,0.74197185,0.51398206,0.8799589,0.4768126,0.9805766,0.69578564,0.96259046,0.78931457,0.8313259,0.93708014,1.031773,1.1227269,0.8430611,0.3763095,0.43978822,0.38148743,0.5575972,0.9654706,0.6897836,0.89028883,1.0395274,0.8219997,0.5763237,0.5538431,0.586742,0.8491717,0.5825559,0.22104916,0.60862374,0.5808069,0.6272587,0.77967817,0.21175888,0.61033666,1.2768989,1.0114576,1.2819475,1.1369704,1.243641,1.3204378,0.6634652,1.2817297,1.1882964,1.3223982,1.1732275,1.1350212,1.2419939,0.99917614,1.1348835,1.2250394,1.161287,1.3333414,1.3290803,0.90962905,1.2835109,0.97873217,1.3187441,1.0534841,1.2530538,1.270932,1.0269091,1.0286144,1.1999552,1.2327492,1.2860343,1.3285108,1.2149125,1.0004917,0.9904778,1.3223276,1.2518109,1.1514215,0.99472463,1.2484893,1.27337,1.2558408,1.0114576,1.2847549,1.2896326,1.2410449,1.0796431,1.1734241,1.2175854,1.0152024
19,0.0075746933,0.014167716,0.017123802,0.017007135,0.009108716,0.023426387,0.014832698,0.009092979,0.020619854,0.01478754,0.0043343045,0.011654814,0.017420609,0.024584442,0.016338438,0.04402385,0.011877708,0.004859966,0.030577099,0.0,0.009823487,0.00446743,0.019983876,0.01722045,0.008557037,0.011571956,0.0070691784,0.0043424787,0.006396129,0.014300573,0.013336057,0.015535985,0.0055233683,0.01297259,0.012759273,0.013580114,0.0032774964,0.013838001,0.02115808,0.0072065797,0.008092382,0.020060992,0.020816179,0.015008044,0.015013706,0.013703904,0.002252162,0.01758604,0.0012657274,0.010895001,1.1038816,0.9763763,1.1318396,0.5901,1.001054,0.71687037,1.0223107,0.21968403,0.96063775,0.5139036,0.29262206,0.7907237,0.5965248,0.893446,0.50313777,0.99298376,0.7695938,0.539815,0.907167,0.5015078,1.0097473,0.7231889,0.99097764,0.81704193,0.859742,0.9661545,1.0610442,1.1524396,0.8712584,0.4011254,0.46378487,0.40515524,0.5837191,0.99398935,0.71696955,0.9194798,1.0690471,0.84899896,0.6032863,0.5788501,0.61218065,0.8776254,0.6084289,0.24239247,0.63471,0.60786253,0.6541999,0.8077357,0.23419575,0.6369014,1.3070767,1.0402151,1.3121349,1.1666175,1.2737074,1.350718,0.68843526,1.3119117,1.2180835,1.3526953,1.2031419,1.164604,1.272071,1.0276111,1.1644377,1.255084,1.1910901,1.3636614,1.359374,0.9369258,1.3137126,1.0073293,1.3490164,1.0826503,1.2831905,1.3011115,1.0559955,1.0578464,1.2298383,1.2628155,1.3162243,1.3588266,1.2448522,1.0294418,1.0190344,1.3526136,1.2819428,1.1812141,1.023781,1.2786016,1.3035362,1.2859744,1.0402151,1.3149561,1.3198501,1.271119,1.108821,1.2032772,1.2476342,1.0442994
20,0.014894609,0.01968631,0.024074469,0.023478918,0.017020233,0.017845389,0.021939617,0.01564757,0.02725292,0.021035647,0.0067259884,0.018400688,0.023902452,0.0319448,0.015576685,0.04087489,0.010189981,0.011141997,0.0242739,0.009823487,0.0,0.005618697,0.027922291,0.007405867,0.013700402,0.014854789,0.0057694037,0.010646272,0.012574525,0.020533882,0.018776663,0.0062365425,0.015272642,0.015145741,0.018200658,0.0202478,0.0066258423,0.02179168,0.028097436,0.013288,0.015334656,0.02487633,0.028047657,0.00547575,0.008481533,0.018729918,0.0116504,0.024498696,0.0085826535,0.017325478,1.095332,0.96755487,1.1232816,0.5803377,0.9920844,0.70737416,1.0135822,0.20986064,0.951661,0.5041924,0.28280893,0.7814657,0.5867777,0.8842752,0.49357134,0.98418826,0.7602407,0.5301797,0.8977229,0.49177018,1.0008832,0.71379036,0.9818198,0.8077113,0.8505974,0.9572488,1.0522261,1.1438677,0.86204785,0.39140344,0.4540073,0.3953657,0.5741163,0.9848734,0.70752805,0.9106279,1.0603592,0.8395181,0.5938097,0.5691324,0.6024998,0.86849207,0.59879446,0.23256935,0.6251001,0.5984024,0.6447166,0.7984887,0.22438131,0.6273576,1.2988901,1.031181,1.3039589,1.1580034,1.265409,1.3426529,0.6787108,1.3037297,1.2095609,1.3446528,1.1947143,1.1559504,1.2637829,1.0184673,1.1557673,1.2467659,1.1825794,1.3556504,1.3513268,0.9274983,1.3055527,0.9982392,1.3409413,1.0737823,1.2749609,1.292927,1.0470924,1.0490096,1.2213857,1.2545171,1.3080511,1.3508098,1.2364438,1.0204822,1.0099304,1.3445561,1.2737081,1.1726961,1.0148659,1.2703475,1.2953372,1.2777414,1.031181,1.3067954,1.3117082,1.2628276,1.0999576,1.1948028,1.2393197,1.0354013
21,0.011069478,0.017054142,0.02070727,0.020385081,0.01294996,0.019686062,0.018445758,0.012277035,0.024116402,0.018022679,0.0015288267,0.015032326,0.020809792,0.028403804,0.014120522,0.041319795,0.0089503005,0.007508265,0.026709676,0.00446743,0.005618697,0.0,0.023989549,0.012993912,0.010973108,0.013260339,0.0054268297,0.0069128624,0.009181665,0.017517228,0.016159007,0.01107772,0.009728433,0.011979277,0.015561666,0.016974444,0.0020445099,0.017789636,0.02478519,0.010015341,0.011573277,0.022771277,0.024556717,0.01058022,0.010831463,0.016345203,0.006580686,0.021160169,0.0032062079,0.0140975565,1.09956,0.9719952,1.1275163,0.58568066,0.99664474,0.712403,1.017949,0.2153711,0.95622706,0.509462,0.28836003,0.7862713,0.5920972,0.8890046,0.49867237,0.9886079,0.76513237,0.5353564,0.9027005,0.49707615,1.0053577,0.71872437,0.98653805,0.8125824,0.8553042,0.9617568,1.0566639,1.1481129,0.8668117,0.39668775,0.45937598,0.40075675,0.5792565,0.98955584,0.71250314,0.9150925,1.0646942,0.84453166,0.5988191,0.57441056,0.6077305,0.8731892,0.60397017,0.23808445,0.6302481,0.6033955,0.64973253,0.8032846,0.22983314,0.6324348,1.3028462,1.0357947,1.3079071,1.1622813,1.2694477,1.3465201,0.6839979,1.3076824,1.2137685,1.3485036,1.1988498,1.1602588,1.267814,1.0231736,1.1600887,1.2508193,1.186778,1.3594784,1.3551811,0.93246,1.3094891,1.0028998,1.3448159,1.0782601,1.2789487,1.2968814,1.0515984,1.0534623,1.22554,1.2585558,1.3119974,1.3546419,1.2405648,1.0250342,1.0146028,1.3484178,1.2776996,1.1769001,1.0193815,1.2743534,1.2993023,1.2817316,1.0357947,1.3107324,1.3156314,1.2668611,1.1044317,1.1989738,1.2433704,1.0399033
22,0.013064207,0.0098559065,0.0047927606,0.006097149,0.011047917,0.043408476,0.006257086,0.0123257665,0.0047167544,0.007980978,0.02427374,0.009685722,0.0058628893,0.0049702786,0.035524894,0.06305191,0.03171633,0.016821118,0.050558683,0.019983876,0.027922291,0.023989549,0.0,0.03435006,0.014531443,0.015109138,0.02241916,0.017357253,0.015348541,0.008352836,0.010519753,0.034158647,0.01745539,0.031217096,0.010898223,0.00810778,0.022066778,0.006201818,0.0038139247,0.014657774,0.012602647,0.009884453,0.0027546936,0.03337063,0.034820616,0.011072231,0.017738672,0.004607329,0.021055752,0.0108133275,1.1232543,0.9954291,1.1512039,0.6061036,1.0198834,0.7344156,1.0414845,0.23448248,0.97945577,0.53037345,0.3067697,0.80897945,0.61267996,0.9118985,0.5204203,1.0120716,0.7876008,0.5567579,0.9248879,0.5177672,1.0287398,0.7410641,1.009456,0.8351097,0.87825024,0.9850855,1.0801013,1.1717896,0.8896235,0.41754255,0.4796427,0.42087182,0.60082316,1.0125536,0.7347075,0.9384903,1.0882696,0.8665936,0.6209115,0.59525865,0.6288447,0.89615643,0.6253673,0.25709707,0.6517731,0.6255448,0.671797,0.8260175,0.24955653,0.6542654,1.3267448,1.0589334,1.3318098,1.1859231,1.2932979,1.3704586,0.7047749,1.3315827,1.2374827,1.3724481,1.2226285,1.183866,1.2916691,1.0461183,1.1836804,1.2746596,1.2105008,1.3834306,1.3791243,0.95470047,1.3333976,1.0259441,1.3687514,1.1016366,1.30283,1.3207809,1.07493,1.0768775,1.2493029,1.282406,1.3359009,1.3785928,1.2643553,1.0482874,1.0376219,1.3723583,1.3015788,1.2006179,1.0426971,1.2982241,1.3231962,1.3056116,1.0589334,1.3346405,1.3395462,1.2907147,1.127814,1.2227219,1.2672126,1.0632415
23,0.021599805,0.025350846,0.030147366,0.029353375,0.023785537,0.016984476,0.028171623,0.022049038,0.03305218,0.026936106,0.013962571,0.024670571,0.029762086,0.037989628,0.019139959,0.04044091,0.014581401,0.017959598,0.021827959,0.01722045,0.007405867,0.012993912,0.03435006,0.0,0.019826515,0.020056495,0.01200997,0.017541312,0.019174883,0.026457932,0.02447879,0.0041264626,0.022678318,0.020375391,0.023951996,0.026375731,0.013990209,0.028387595,0.03402398,0.019773506,0.021984784,0.029844567,0.034122996,0.0035529241,0.009569869,0.024251318,0.018976212,0.030537125,0.01598569,0.023548398,1.0891535,0.9611452,1.1170955,0.5730497,0.9855454,0.7003613,1.007252,0.20246887,0.9451165,0.496964,0.27540433,0.7746732,0.5795079,0.8775599,0.48649332,0.9778008,0.7533616,0.52303153,0.8907576,0.484512,0.99443614,0.7068698,0.97511494,0.8008523,0.8439059,0.95076627,1.0458181,1.1376694,0.85529715,0.38416436,0.44670087,0.3880435,0.56700075,0.97820574,0.7005671,0.9041928,1.0540631,0.8325185,0.5868173,0.5618962,0.59530336,0.86181045,0.59164643,0.22517551,0.6179767,0.5914255,0.63771695,0.791706,0.2170207,0.6202998,1.2930143,1.024585,1.2980917,1.151769,1.2594398,1.3368776,0.6714664,1.2978574,1.2034034,1.338896,1.1886375,1.1496825,1.2578223,1.0117745,1.149485,1.2407804,1.1764325,1.3499198,1.3455662,0.92054826,1.2996987,0.9915944,1.3351575,1.0673308,1.2690493,1.2870528,1.040611,1.0425855,1.2152874,1.2485482,1.3021863,1.3450744,1.2303827,1.0139518,1.003273,1.3387871,1.2677923,1.1665432,1.0083742,1.2644154,1.2894509,1.2718271,1.024585,1.3009409,1.3058693,1.2568645,1.0935099,1.1886863,1.2333375,1.0289243
