,0,1,2,3,4,5,6,7,8,9,10,11,12,13,14,15,16,17,18,19,20,21,22,23,24,25,26,27,28,29,30,31,32,33,34,35,36,37,38,39,40,41,42,43,44,45,46,47,48,49,50,51,52,53,54,55,56,57,58,59,60,61,62,63,64,65,66,67,68,69,70,71,72,73,74,75,76,77,78,79,80,81,82,83,84,85,86,87,88,89,90,91,92,93,94,95,96,97,98,99,100,101,102,103,104,105,106,107,108,109,110,111,112,113,114,115,116,117,118,119,120,121,122,123,124,125,126,127,128,129,130,131,132,133,134,135,136,137,138,139,140,141,142,143,144,145,146,147,148,149,150,151,152,153,154,155,156,157,158,159,160,161,162,163,164,165,166,167,168,169,170,171,172,173,174,175,176,177,178,179,180,181,182,183,184,185,186,187,188,189,190,191,192,193,194,195,196,197,198,199,200,201,202,203,204,205,206,207,208,209
0,0.0,0.106686376,0.1651782,0.20057423,0.24194583,0.15102485,0.14984001,0.19149299,0.42523652,0.30782837,0.13005352,0.3747592,0.4160942,0.5238944,0.5723264,0.15457942,0.1817336,0.23086685,0.23294881,0.72537756,0.53545284,0.41408813,0.22614366,0.7547578,0.18289703,0.23070414,0.7168415,0.74276346,0.2940116,0.66472137,0.6829097,0.06622065,0.52547765,0.45712638,0.05326869,0.25253484,0.26374593,0.3505128,0.03775514,0.2141477,0.4298683,0.44418627,0.45407864,0.20841138,0.18594019,0.47831804,0.15064396,0.1023023,0.11153797,0.14493749,0.24831432,0.17174679,0.5122204,0.25126463,0.4137956,0.15207276,0.16233963,0.18468376,0.15287675,0.76825637,0.7716768,0.76719195,0.7088111,0.6710154,0.71201175,0.6543184,0.29412612,0.5057264,0.3180601,0.75214887,0.58876,0.4521221,0.47426587,0.65809864,0.43878528,0.39825007,0.49293244,0.7642472,0.71576166,0.40201277,0.39692318,0.6049404,0.7259453,0.71443355,0.71026105,0.6272624,0.6283561,0.7368877,0.7643408,0.757285,0.7516799,0.638335,0.6500592,0.6011157,0.7255365,0.49546078,0.70810956,0.71304727,0.6493998,0.6447264,0.30240783,0.49142075,0.6664381,0.7023579,0.67374206,0.59495014,0.6536343,0.5261688,0.75994855,0.58938205,0.5684421,0.68448323,0.63862425,0.68902534,0.7645567,0.68930095,0.594057,0.684306,0.63808954,0.74207,0.73534685,0.5765039,0.23790511,0.5568198,0.23116797,0.63214487,0.66014475,0.52469355,0.7335635,0.43100646,0.5545772,0.63205934,0.18685178,0.29936367,0.26334575,0.19393082,0.5400723,0.22958106,0.17333548,0.37215456,0.7220662,0.66103727,0.68002397,0.7455739,0.7661952,0.76869285,0.7712482,0.7424156,0.7423075,0.7711407,0.7616373,0.76149416,0.7569213,0.7728417,0.7693935,0.77009904,0.7699981,0.7629001,0.7639504,0.76707834,0.7441089,0.7587255,0.7650833,0.7426868,0.77236897,0.7379574,0.7536858,0.75565094,0.77154076,0.7728274,0.76990116,0.7698361,0.7727557,0.77096426,0.7715548,0.77326334,0.77156353,0.77489644,0.77068466,0.7562469,0.77262366,0.7275493,0.7556434,0.766489,0.7179999,0.7680643,0.7630963,0.7748007,0.7713251,0.77596474,0.7740042,0.7712924,0.7416476,0.77362204,0.7510755,0.6595886,0.7029059,0.55622387,0.7461032,0.590326,0.74963385,0.62374306,0.77232707,0.69101185,0.75455296,0.74069905,0.7715385,0.5651474,0.76651394,0.7443989
1,0.106686376,0.0,0.062175352,0.109654084,0.28860617,0.049312003,0.12135777,0.11712308,0.5242501,0.39428517,0.16682513,0.3303688,0.3692997,0.48549685,0.53460294,0.049345028,0.08124186,0.24616598,0.18514308,0.6879832,0.5115392,0.38262194,0.25551498,0.7157057,0.1658774,0.30061552,0.6803734,0.7062486,0.24908118,0.6333407,0.6472576,0.15580362,0.5089454,0.42110786,0.12570022,0.32010064,0.35370755,0.44001672,0.069198884,0.15842062,0.3869115,0.40185136,0.4020144,0.29678854,0.20561652,0.43628216,0.18092304,0.11146383,0.057636686,0.1521578,0.21835455,0.226545,0.5023579,0.2128183,0.40617126,0.1744696,0.09343079,0.16379547,0.19305997,0.728936,0.7311693,0.7262812,0.66736805,0.63696253,0.6728805,0.61194885,0.25993302,0.47668025,0.28894097,0.71776044,0.6920156,0.5542009,0.57459444,0.7620428,0.5382581,0.49998227,0.5958899,0.8693077,0.820425,0.49797365,0.49530497,0.70805013,0.83067423,0.8190545,0.8148413,0.7307977,0.7318664,0.8417573,0.86939895,0.86228657,0.85663974,0.7420024,0.7539153,0.7041447,0.8305209,0.5977435,0.812667,0.81769437,0.75347704,0.74852335,0.39056382,0.5914784,0.77049893,0.8068778,0.77791595,0.69787306,0.7575207,0.6278149,0.8649766,0.69222426,0.67080337,0.78879404,0.7422859,0.7934176,0.8696171,0.79365367,0.6969383,0.78859586,0.74175256,0.8469463,0.8401618,0.6792919,0.3430597,0.65887564,0.25638744,0.73571336,0.76424575,0.6259007,0.8383668,0.52830714,0.65657395,0.7356295,0.29304227,0.4014265,0.35760808,0.23539194,0.6421035,0.330622,0.2789867,0.46819097,0.6946379,0.637598,0.6510201,0.7096839,0.730113,0.73194855,0.7328202,0.7055943,0.7096467,0.7332745,0.7258361,0.72805804,0.72438216,0.733983,0.7316961,0.7325915,0.7305912,0.7290673,0.7296444,0.7309184,0.7135051,0.72357786,0.7284159,0.7081756,0.73311996,0.6987879,0.7199121,0.7217709,0.7332723,0.7338302,0.73256177,0.73164564,0.73362005,0.7327254,0.73349583,0.7334612,0.7331855,0.7352083,0.7322587,0.72043896,0.73305756,0.6913092,0.7193883,0.7284501,0.689133,0.73147005,0.7289755,0.7350717,0.7322819,0.7352827,0.7345926,0.73199016,0.7029647,0.7345408,0.7135513,0.6198394,0.66543007,0.51797855,0.7126753,0.545785,0.71321,0.57948494,0.7321697,0.6537231,0.71748257,0.7014485,0.7324602,0.5274497,0.72844493,0.7077056
2,0.1651782,0.062175352,0.0,0.10478479,0.306667,0.053662505,0.16374016,0.12998407,0.5702999,0.43221247,0.22424844,0.34503877,0.38094625,0.49958706,0.54823,0.041465994,0.020016136,0.24961457,0.15538125,0.6998403,0.5337242,0.40343073,0.2661648,0.7262547,0.20696062,0.33107704,0.69288313,0.7184721,0.26768178,0.6494613,0.66062903,0.20471855,0.5352087,0.4381185,0.17256722,0.34845287,0.3947322,0.4793349,0.12899382,0.1787829,0.4005204,0.41542295,0.40904844,0.33814314,0.21576066,0.44914407,0.2001333,0.13607831,0.10652397,0.20348042,0.24813785,0.25325182,0.5321917,0.23824126,0.4390434,0.22821277,0.118046485,0.15606636,0.2157178,0.7391942,0.74065506,0.7355543,0.6768826,0.6514306,0.68380517,0.6215141,0.28442883,0.49658215,0.3147347,0.7311829,0.74182,0.6030997,0.6216132,0.8125887,0.58464736,0.54877746,0.64561206,0.92136234,0.8719087,0.5415837,0.54098266,0.7576365,0.8822447,0.8704757,0.86620706,0.78086615,0.7819006,0.8935342,0.9214495,0.9142518,0.90854347,0.79221874,0.80435765,0.7536422,0.8824973,0.6466932,0.86400175,0.86915714,0.8042203,0.79889727,0.42969698,0.63815486,0.8211888,0.8581651,0.82875025,0.74725807,0.80799675,0.67596453,0.91698235,0.7415272,0.7196051,0.83980435,0.7924941,0.844538,0.9216712,0.8447165,0.7462758,0.8395763,0.79196364,0.8987273,0.8918541,0.7285646,0.3966776,0.7073696,0.26463464,0.78581417,0.8150024,0.6735935,0.89004314,0.57281786,0.70500964,0.7857326,0.3486024,0.4511876,0.40152657,0.25433215,0.6906233,0.39209574,0.33849975,0.51211715,0.7124327,0.65828466,0.6683467,0.72226083,0.74238247,0.7437916,0.74360514,0.71763414,0.72419393,0.74440724,0.7383176,0.74196595,0.73886603,0.7444868,0.74294835,0.7439542,0.7407799,0.74272513,0.74300855,0.74313253,0.7292492,0.73648185,0.7403385,0.72161317,0.7433856,0.70942503,0.7336892,0.7354662,0.74415326,0.7442483,0.7440296,0.74259,0.7439528,0.7436297,0.7445059,0.7433742,0.7439985,0.7451779,0.74304986,0.7329657,0.74312353,0.703849,0.73164874,0.7395181,0.7061398,0.74341047,0.7424587,0.74501675,0.7426849,0.7446207,0.7447425,0.7422323,0.7138674,0.74489963,0.72507817,0.6309798,0.67747164,0.5315613,0.72672975,0.55487514,0.7254237,0.58825755,0.74186903,0.6660094,0.72925526,0.7120085,0.74283946,0.5412117,0.73949414,0.7198047
3,0.20057423,0.109654084,0.10478479,0.0,0.3970405,0.06251889,0.10556795,0.036997154,0.62572175,0.50174063,0.19109277,0.24113794,0.27634957,0.39514008,0.44366595,0.069521494,0.11685756,0.34855738,0.25977257,0.5950742,0.4315719,0.3013613,0.36137068,0.62147176,0.13632445,0.41014558,0.5881484,0.6137176,0.16624714,0.545188,0.5559686,0.25974694,0.43515873,0.33445555,0.2320704,0.42973766,0.45990244,0.5466516,0.164801,0.08362019,0.2961763,0.31103688,0.30432284,0.4032321,0.31084543,0.34459186,0.28901258,0.21993515,0.091566734,0.1552165,0.15669923,0.33612388,0.4345658,0.1429542,0.3449576,0.18244645,0.051147997,0.2582175,0.3020129,0.63441664,0.63590395,0.6308128,0.5721204,0.54689556,0.5790211,0.516742,0.18642418,0.3936518,0.216917,0.6265011,0.78837013,0.6524277,0.6748373,0.85706013,0.6393267,0.5986849,0.69282883,0.9615483,0.9137811,0.60166454,0.59728414,0.8046317,0.92385364,0.912516,0.9084064,0.82662445,0.827737,0.934559,0.9616462,0.95470256,0.9491786,0.83757526,0.8491156,0.80086136,0.92302877,0.69566274,0.9062893,0.91109395,0.8482351,0.8438441,0.49750617,0.69199497,0.8652703,0.9005962,0.87244225,0.7947649,0.8526577,0.72654927,0.9573149,0.78924745,0.76855797,0.88301104,0.83786917,0.8874471,0.96185756,0.8877716,0.79389644,0.88285935,0.8373338,0.9397232,0.9331088,0.77640986,0.4366054,0.75706047,0.36122525,0.83147496,0.85894144,0.725168,0.93134624,0.6311309,0.75483936,0.8313881,0.38393533,0.4998101,0.46196416,0.3438018,0.7403318,0.39765373,0.35907295,0.5717941,0.6084458,0.5552064,0.56430054,0.61752325,0.6376261,0.6390198,0.63882077,0.6128722,0.6196284,0.639623,0.6335718,0.6373238,0.63428634,0.6397052,0.6381651,0.6391722,0.63600403,0.6380596,0.63831854,0.6383738,0.6248479,0.6317607,0.63556945,0.6169356,0.63860816,0.60464084,0.6290376,0.6308065,0.63936853,0.639468,0.63924915,0.6378052,0.6391741,0.63884497,0.6397212,0.6386065,0.63921404,0.6404086,0.63826543,0.6282233,0.6383511,0.5991134,0.6268937,0.6347336,0.6019867,0.63864166,0.6377784,0.6402482,0.63790476,0.6398774,0.639968,0.63745534,0.60908276,0.64012045,0.6203002,0.526202,0.5727165,0.42700693,0.6221081,0.4501066,0.6206676,0.48351,0.63710886,0.56126875,0.62448287,0.6072249,0.63805974,0.4366711,0.6347096,0.6150447
4,0.24194583,0.28860617,0.306667,0.3970405,0.0,0.33460742,0.38518217,0.4048442,0.32972422,0.17118841,0.369459,0.6100582,0.6506618,0.76243126,0.8112655,0.32924858,0.3080847,0.081896946,0.2162852,0.9648289,0.77707446,0.6540013,0.05034546,0.99375874,0.42280808,0.068906546,0.9565396,0.9825002,0.52808136,0.9055108,0.9227563,0.18224734,0.7674212,0.69607747,0.18918829,0.067235425,0.16048881,0.21656065,0.25761005,0.44092533,0.6662146,0.6808781,0.686188,0.13337523,0.09350359,0.715331,0.1080493,0.17723331,0.33090833,0.38680616,0.48681885,0.070413634,0.7538183,0.48712888,0.6554576,0.3931512,0.37868726,0.16608748,0.095876016,1.0071968,1.0102228,1.0055867,0.94688493,0.911239,0.9508961,0.89189935,0.5321802,0.74655503,0.55777127,0.99244934,0.5090563,0.3759127,0.38133198,0.5805579,0.34441483,0.3276715,0.4195066,0.69442165,0.6431717,0.29127946,0.30187863,0.5226088,0.6536411,0.641391,0.6369445,0.54749596,0.5482641,0.6658308,0.69447815,0.6869838,0.6810861,0.55916303,0.57208806,0.51830715,0.656592,0.41559792,0.6346329,0.6404011,0.57385993,0.5664774,0.17511868,0.39456236,0.58964646,0.6287436,0.5977619,0.5116178,0.5757564,0.43773034,0.6898807,0.50573444,0.4821912,0.60942346,0.559374,0.614648,0.6947153,0.61444753,0.51040894,0.60901505,0.55888903,0.6708417,0.6636582,0.49338242,0.25179183,0.46894974,0.058450747,0.5523801,0.5841848,0.43292177,0.66181594,0.32369792,0.4664074,0.5523173,0.24427333,0.2563012,0.18231264,0.053247035,0.4534907,0.35486567,0.28542763,0.2673474,0.9635667,0.90284854,0.9212526,0.98548514,1.0060927,1.008414,1.0104784,0.9820661,0.9829767,1.0105418,1.0016011,1.0020281,0.9976386,1.0119396,1.0088418,1.0096046,1.0089135,1.0033476,1.0042902,1.0069566,0.98517203,0.99885195,1.0048194,0.98294145,1.0113405,0.97688586,0.9941316,0.9960758,1.0108206,1.0118811,1.0094553,1.0091367,1.0117648,1.0102521,1.0108986,1.0120538,1.0108098,1.0137283,1.0099144,0.99619937,1.0114917,0.96733177,0.9954754,1.0058295,0.9593034,1.0078261,1.0034779,1.0136187,1.0103612,1.014458,1.0129257,1.0102445,0.98073983,1.0126503,0.9905402,0.8981376,0.9422848,0.7949399,0.98661387,0.826814,0.9894087,0.86046493,1.0109953,0.9304191,0.994156,0.97960687,1.0105637,0.8040691,1.0058453,0.9840892
5,0.15102485,0.049312003,0.053662505,0.06251889,0.33460742,0.0,0.111611314,0.079155974,0.57262856,0.44359687,0.180054,0.29578474,0.33301437,0.45095682,0.4998619,0.012385227,0.07177849,0.28667623,0.20629016,0.6523776,0.48242998,0.35230857,0.2989308,0.6793784,0.15398726,0.34933558,0.6451413,0.67087275,0.21672939,0.6002666,0.6125036,0.20437308,0.48289835,0.38828877,0.1747885,0.36853927,0.40292788,0.48929358,0.11340884,0.12662691,0.35185415,0.3668121,0.36326858,0.34602264,0.24844529,0.40089867,0.22656322,0.15763552,0.061229706,0.15443717,0.19475006,0.27440774,0.47920284,0.18544957,0.3855992,0.18038423,0.0644504,0.19800305,0.2397775,0.6924571,0.6942638,0.6892547,0.63041806,0.60286206,0.63672525,0.5749643,0.23201726,0.44590998,0.26215273,0.68310297,0.73911077,0.6017477,0.62269264,0.8087819,0.58654535,0.5476233,0.64309806,0.91525525,0.8666928,0.5468302,0.54378974,0.75521857,0.8768929,0.8653537,0.86117,0.7777593,0.7788413,0.88786536,0.9153486,0.9082852,0.9026737,0.78889537,0.80070454,0.7513498,0.8765331,0.6452315,0.85901207,0.8639741,0.80013496,0.7953455,0.4398572,0.6396535,0.81716913,0.85324925,0.82451665,0.745125,0.804293,0.67554307,0.9109524,0.73951066,0.71828437,0.83530736,0.789182,0.83987665,0.9155647,0.84013945,0.7442086,0.83512294,0.78864783,0.8930491,0.8863137,0.72659874,0.38887706,0.70646954,0.29891288,0.7826584,0.81089044,0.6737702,0.8845278,0.5769957,0.70418876,0.7825736,0.3377749,0.44888133,0.40653518,0.28138092,0.68970114,0.3661825,0.31950384,0.5170192,0.66269785,0.6075597,0.618737,0.6745181,0.6947846,0.6963738,0.6966409,0.67011094,0.6756631,0.69729304,0.6906282,0.6937009,0.690372,0.6976461,0.6957815,0.69674087,0.6940748,0.69456035,0.694962,0.69555837,0.6802665,0.6886169,0.6928843,0.67351896,0.6966487,0.6624949,0.6854694,0.6872805,0.6971477,0.69744503,0.6967713,0.6955557,0.6971869,0.6966136,0.69744474,0.6967938,0.69702244,0.6985738,0.6960824,0.68525296,0.69647485,0.65610504,0.6840455,0.6924277,0.6566769,0.69595134,0.6943637,0.6984235,0.69588697,0.6982996,0.698058,0.6955049,0.66682583,0.69812304,0.6777785,0.58374953,0.6299096,0.48318493,0.6783941,0.5084477,0.6778346,0.5420238,0.6953828,0.61833346,0.68185484,0.6651144,0.6960521,0.49277952,0.69241184,0.67225856
6,0.14984001,0.12135777,0.16374016,0.10556795,0.38518217,0.111611314,0.0,0.07320886,0.5611065,0.45547175,0.08792215,0.22566615,0.266787,0.37725955,0.4261352,0.123890735,0.18287192,0.35721996,0.30627868,0.57977176,0.3957856,0.26961204,0.3607806,0.6085982,0.04455639,0.38017872,0.5715796,0.5975448,0.14434308,0.52155256,0.5378904,0.21605994,0.39057833,0.31101775,0.19822119,0.40181604,0.41031566,0.4963456,0.1275887,0.0690025,0.28139615,0.2959468,0.30430758,0.3564278,0.31372732,0.33032674,0.2831684,0.2172122,0.063824184,0.0496992,0.102172025,0.31665587,0.3823251,0.10218173,0.28540146,0.076885775,0.05603146,0.28281158,0.29079428,0.6220282,0.6250422,0.62041354,0.56173855,0.52664125,0.5657281,0.5068316,0.14708598,0.36305758,0.17366967,0.60784125,0.7135188,0.58179086,0.6072706,0.7798816,0.5737428,0.5295957,0.61974883,0.8803855,0.8341743,0.5421404,0.5341234,0.7299655,0.84397894,0.8330427,0.82908195,0.7507404,0.7519041,0.8541817,0.88049036,0.873774,0.86841935,0.7612676,0.7722315,0.72641754,0.8423754,0.62401646,0.82704645,0.8315547,0.77078253,0.76715595,0.44939333,0.62470824,0.7877185,0.82150406,0.79453033,0.7206224,0.7756658,0.6558456,0.8762844,0.71534127,0.6959172,0.80464196,0.7615734,0.80881727,0.880693,0.8092493,0.71985686,0.80454934,0.7610392,0.8592891,0.8529089,0.7027528,0.36380988,0.68518555,0.3635845,0.7554662,0.78133523,0.6553487,0.8511941,0.569197,0.68311083,0.755376,0.30983546,0.43218178,0.40718228,0.33388963,0.66868705,0.30316132,0.27516392,0.512591,0.5810751,0.5221381,0.53808373,0.6006156,0.62120444,0.6234401,0.6253517,0.5970739,0.5987504,0.6254556,0.616752,0.61762935,0.6134554,0.6267896,0.6237693,0.6245495,0.6237425,0.6188613,0.61970574,0.62205774,0.60153675,0.61410713,0.6198535,0.5983036,0.6261746,0.59171927,0.6096519,0.61157453,0.62570447,0.62672484,0.6244164,0.6240256,0.62660295,0.62513787,0.6257974,0.6268746,0.6256863,0.628551,0.62478775,0.6113468,0.6263168,0.58240545,0.61055887,0.6207286,0.57623774,0.6228702,0.61893076,0.62844074,0.6252029,0.62927955,0.627755,0.6250768,0.595594,0.6274907,0.60547847,0.5129556,0.5572136,0.40977955,0.602206,0.44207495,0.6044675,0.475652,0.62581325,0.5453609,0.60914034,0.59443796,0.625404,0.41893804,0.6207422,0.5991127
7,0.19149299,0.11712308,0.12998407,0.036997154,0.4048442,0.079155974,0.07320886,0.0,0.61530143,0.49802214,0.16088001,0.21665242,0.25418612,0.37187445,0.42081776,0.08980064,0.14508848,0.3627393,0.2848518,0.5735273,0.40382287,0.2735709,0.37263662,0.60071933,0.099849366,0.41178694,0.56621224,0.59197736,0.13784392,0.52111256,0.5334871,0.25468427,0.405352,0.3091468,0.22987907,0.4322418,0.45473355,0.5416029,0.15890339,0.04945963,0.27279767,0.2877607,0.285474,0.3987419,0.32270318,0.32191885,0.29763988,0.22821487,0.08017066,0.1225769,0.12169171,0.3407336,0.40309304,0.1094888,0.31163204,0.14944428,0.02916831,0.27641618,0.30900988,0.6138461,0.615792,0.6108243,0.551945,0.52376485,0.5580072,0.49648583,0.15483245,0.36697116,0.18527383,0.6040846,0.77390885,0.6395705,0.66331017,0.8416384,0.6285427,0.5863582,0.6790027,0.9443817,0.8973032,0.5932248,0.5873802,0.79027116,0.9072599,0.89609855,0.8920542,0.8117505,0.8128869,0.9177402,0.9444829,0.937641,0.9321923,0.8225242,0.8338184,0.7865941,0.90607303,0.68245625,0.88997287,0.8946451,0.8326814,0.82862943,0.49307898,0.68061686,0.8496881,0.88434434,0.8567039,0.7806223,0.83731556,0.71379495,0.9402074,0.7752013,0.7550347,0.86707455,0.8228237,0.87139565,0.94469035,0.8717694,0.7797978,0.86694956,0.82228833,0.9228818,0.91637135,0.7624562,0.42219988,0.7438512,0.37346485,0.8165507,0.8433288,0.7127864,0.9146296,0.62180746,0.7416898,0.8164622,0.36872056,0.48778778,0.45483845,0.35176376,0.72719705,0.37317026,0.33953372,0.5633929,0.5835636,0.5286619,0.5395906,0.59558237,0.6158842,0.61752594,0.6179438,0.5912378,0.5965642,0.61854315,0.6117034,0.614644,0.6112771,0.61899394,0.6170142,0.6179578,0.6154757,0.61552274,0.6159491,0.6166645,0.6011202,0.6096472,0.6140262,0.594499,0.6180364,0.58382183,0.60642207,0.6082396,0.61843574,0.6188071,0.61797357,0.616834,0.6185632,0.61789805,0.61871314,0.618243,0.61832094,0.6200128,0.6173844,0.60632306,0.617897,0.57717294,0.605146,0.6136874,0.5775239,0.61709106,0.61534053,0.61986685,0.6172515,0.6198559,0.6194654,0.6168965,0.58811086,0.6194949,0.59897244,0.5049991,0.5510355,0.40414333,0.5993262,0.43007365,0.59894043,0.46371275,0.6168709,0.5394294,0.6030159,0.58645386,0.6174206,0.41372415,0.61367434,0.59337825
8,0.42523652,0.5242501,0.5702999,0.62572175,0.32972422,0.57262856,0.5611065,0.61530143,0.0,0.15853626,0.49509004,0.76651275,0.8071667,0.8954323,0.93931466,0.5735433,0.5804445,0.41002202,0.53429645,1.0825995,0.8820658,0.7855778,0.37763762,1.1135494,0.57855254,0.26733357,1.0728196,1.0974582,0.69426286,1.0144229,1.0393113,0.36844876,0.85959446,0.8307041,0.3992391,0.26265717,0.18068393,0.11525831,0.46111664,0.6299493,0.8151661,0.8275151,0.8487385,0.23434764,0.40460342,0.85856926,0.39435145,0.43940648,0.5362697,0.5328771,0.64120686,0.3384913,0.8350514,0.6511904,0.7473356,0.5212737,0.58621246,0.4748928,0.3761708,1.1269063,1.1323477,1.1287967,1.0740889,1.0252316,1.0730623,1.0239332,0.6840235,0.86403257,0.6988889,1.1023321,0.17983156,0.050795637,0.052606236,0.25173914,0.014890638,0.043153603,0.091226414,0.36530754,0.31410375,0.04084997,0.02953287,0.1940372,0.3246052,0.3123742,0.30793503,0.21872382,0.21956375,0.3367061,0.36536905,0.35788807,0.35199365,0.23041305,0.24325888,0.18977925,0.32718137,0.08603847,0.30562973,0.31132174,0.24466875,0.23763883,0.15524626,0.068151094,0.26078722,0.29971656,0.2688432,0.18310915,0.24694844,0.10913818,0.3607717,0.17720805,0.15391177,0.28045997,0.23064114,0.285624,0.36560485,0.2854937,0.18195507,0.28008425,0.23014131,0.34177056,0.3346036,0.16455306,0.20012203,0.14086714,0.38696918,0.223665,0.25514248,0.105297014,0.33275744,0.020085543,0.13836144,0.22359711,0.25329983,0.12924802,0.16940993,0.3575317,0.12474991,0.31685227,0.2990843,0.06264513,1.0603709,0.9956906,1.0242038,1.0989525,1.1188846,1.1225134,1.1281052,1.097699,1.0897026,1.1269535,1.1140223,1.1093423,1.1032691,1.1304251,1.1249738,1.1252893,1.1287268,1.1114432,1.1133535,1.1198714,1.0873798,1.1100154,1.1189364,1.0936112,1.1306971,1.0977751,1.1026055,1.1046705,1.1280866,1.1306682,1.1247847,1.1263171,1.1308562,1.127482,1.1277088,1.1325704,1.1283125,1.1339195,1.1275643,1.1089196,1.1315254,1.0825315,1.1091918,1.1228468,1.0594276,1.121632,1.1121862,1.1339033,1.1293207,1.1367632,1.1325577,1.1297685,1.1003993,1.1315819,1.1072277,1.0245202,1.0614712,0.92516994,1.0947685,0.96688056,1.1038054,0.998027,1.1323286,1.0498947,1.1096865,1.1005299,1.1295892,0.93259454,1.1229266,1.0993422
9,0.30782837,0.39428517,0.43221247,0.50174063,0.17118841,0.44359687,0.45547175,0.49802214,0.15853626,0.0,0.40688032,0.6756706,0.71717453,0.81745887,0.86427116,0.44228676,0.4396519,0.25171468,0.37883765,1.0141176,0.81653416,0.7060964,0.21934342,1.0444872,0.48204997,0.11060785,1.004906,1.0304309,0.59742635,0.94915295,0.9708668,0.24333872,0.79952675,0.7508213,0.26967084,0.10416266,0.04659158,0.0481325,0.33915576,0.5216743,0.72863865,0.74225044,0.7569017,0.09942289,0.2490454,0.7753907,0.24323496,0.29685298,0.41791186,0.43819892,0.54773486,0.18626013,0.77955484,0.5539492,0.6848699,0.43363905,0.46908027,0.32118562,0.22516513,1.0580227,1.0624168,1.0583336,1.0012114,0.95777845,1.0024649,0.9482657,0.5930216,0.7924901,0.61297935,1.0376874,0.33801937,0.20526074,0.21028657,0.40967694,0.17323957,0.15946332,0.24857181,0.5234703,0.4722263,0.12053226,0.1308634,0.35177043,0.4827098,0.47046337,0.4660183,0.37661332,0.37740424,0.49486992,0.52352864,0.5160379,0.5101402,0.38829377,0.40119982,0.34747812,0.48552483,0.24443334,0.46370828,0.46945092,0.40285406,0.3955835,0.010632196,0.2239135,0.41875598,0.45780888,0.42685464,0.34078866,0.40487677,0.2667999,0.51893044,0.33489507,0.31139448,0.438505,0.3885103,0.44371033,0.5237653,0.44353405,0.33959448,0.43810767,0.38802037,0.49990153,0.49272245,0.32244846,0.15509346,0.29818544,0.22856495,0.38151804,0.41323134,0.26219222,0.49087834,0.15316708,0.2956483,0.38145363,0.18644333,0.11431772,0.060903367,0.20140818,0.28254482,0.2921916,0.24154387,0.09623543,1.0012627,0.9375632,0.96180063,1.032625,1.053085,1.0561528,1.0601871,1.0303655,1.0263666,1.0595798,1.0483403,1.0459564,1.0405909,1.0621383,1.0577074,1.0582312,1.0598149,1.0477207,1.0492069,1.054026,1.0260984,1.0448673,1.0525295,1.0285071,1.0620146,1.0280395,1.0386113,1.0406438,1.0603336,1.0622458,1.0578842,1.0585847,1.0622965,1.0597392,1.0601606,1.0633768,1.0604534,1.0648885,1.05963,1.0430449,1.0625417,1.0152246,1.0428631,1.0551524,0.9987743,1.0553966,1.0481901,1.0648295,1.0608054,1.0667953,1.0637685,1.0609998,1.031254,1.063103,1.0395163,0.9514177,0.99209625,0.84892476,1.0308331,0.886842,1.0371058,0.91953516,1.0627592,0.9802484,1.0425318,1.0308092,1.0610466,0.8572328,1.0552038,1.0322008
10,0.13005352,0.16682513,0.22424844,0.19109277,0.369459,0.180054,0.08792215,0.16088001,0.49509004,0.40688032,0.0,0.27215496,0.31326452,0.41058484,0.45757064,0.19084471,0.24426138,0.36050647,0.3428293,0.6083892,0.41338637,0.2992284,0.35612926,0.63850963,0.08593718,0.3489853,0.5993806,0.62508816,0.1995506,0.54490566,0.5653125,0.18767871,0.40035045,0.34394658,0.18303749,0.3712997,0.36040166,0.44319147,0.13128538,0.15011238,0.32305372,0.3362655,0.3543289,0.3114457,0.31553426,0.36894506,0.2805779,0.22624293,0.119172305,0.041936025,0.14613824,0.29906246,0.38497892,0.15705325,0.2869362,0.026820932,0.13999552,0.30486786,0.28280154,0.65205324,0.65619326,0.6520092,0.5945812,0.5526148,0.59623694,0.5414215,0.18930076,0.38686237,0.20671177,0.63317853,0.63857126,0.51090324,0.53842276,0.7030464,0.5068038,0.46052468,0.54670095,0.8007045,0.7555832,0.480459,0.46965918,0.6550531,0.7651902,0.7545389,0.75068456,0.67489576,0.67608815,0.77505153,0.8008133,0.7942523,0.78901505,0.68508995,0.69562256,0.65167713,0.76311016,0.55197436,0.7487072,0.75301445,0.6938063,0.6906989,0.3994085,0.5558909,0.710607,0.7432786,0.7171581,0.64612204,0.69897103,0.5842223,0.7966942,0.64103484,0.62261564,0.7269369,0.6854021,0.73093003,0.80101013,0.73142916,0.6454319,0.7268825,0.6848712,0.7801093,0.77389187,0.6286955,0.29507226,0.6124994,0.36122137,0.67951524,0.7042144,0.5843738,0.7722115,0.5051735,0.6105436,0.6794232,0.24185911,0.36604476,0.35282168,0.32323298,0.59628487,0.2181536,0.19939937,0.45170447,0.59978586,0.537442,0.5588354,0.6275094,0.6480679,0.65092945,0.65446883,0.62492436,0.6224775,0.65402216,0.6433858,0.6419293,0.6369133,0.65631247,0.65218854,0.6527747,0.6538335,0.6435392,0.6448404,0.64898866,0.62320083,0.6401264,0.6473049,0.6238632,0.6560852,0.6219419,0.63436484,0.6363725,0.6546619,0.6563836,0.65247834,0.65292454,0.6563981,0.65407234,0.654549,0.65731764,0.654751,0.6588647,0.6539089,0.6380441,0.6565354,0.60985136,0.6377041,0.64951444,0.5964314,0.6502185,0.64389116,0.6587954,0.65492284,0.6605544,0.65780735,0.6550512,0.62529266,0.65722334,0.633926,0.5448344,0.5861945,0.44212106,0.6266549,0.48008516,0.6318445,0.5126843,0.6566143,0.5743134,0.63710177,0.624708,0.6551561,0.45050552,0.6495573,0.6268141
11,0.3747592,0.3303688,0.34503877,0.24113794,0.6100582,0.29578474,0.22566615,0.21665242,0.76651275,0.6756706,0.27215496,0.0,0.04152071,0.15531509,0.20435813,0.30611205,0.35799053,0.57611525,0.5004193,0.35761443,0.19286211,0.067001194,0.58298063,0.38545707,0.1937561,0.6054526,0.3500393,0.37589625,0.08205322,0.30454183,0.31705883,0.44078574,0.20257697,0.0933814,0.4238873,0.6272188,0.6296179,0.7139481,0.35290834,0.17195243,0.05656826,0.0714884,0.082234316,0.5778531,0.53429025,0.10596268,0.5059815,0.4378671,0.28024837,0.23761818,0.12793763,0.5420925,0.21056475,0.123563424,0.14705016,0.24559626,0.23700483,0.49260527,0.51492155,0.39873832,0.40119854,0.39639986,0.33751896,0.30714265,0.342598,0.28224865,0.08295581,0.15349576,0.0703316,0.38762924,0.90302634,0.77994496,0.80856925,0.9644032,0.777894,0.7308713,0.8138019,1.0558474,1.0134182,0.752599,0.74150205,0.9194474,1.0225523,1.0125555,1.008939,0.9379271,0.93915194,1.0316211,1.0559646,1.0498102,1.0448776,0.94757533,0.9573864,0.91630477,1.0194788,0.81992614,1.0070893,1.0109699,0.95500153,0.9527293,0.66881156,0.82599115,0.9714625,1.0019195,0.9775291,0.9110724,0.960578,0.8523467,1.0520772,0.9062428,0.8890186,0.9866568,0.9478949,0.9902924,1.0561464,0.99090993,0.9104753,0.98667085,0.9473723,1.0365334,1.0307119,0.8942597,0.56639826,0.87955683,0.58488303,0.9423657,0.9650994,0.8529968,1.0291172,0.7770453,0.8777217,0.94227165,0.513661,0.63776857,0.62369514,0.5581359,0.8636875,0.4711697,0.4683956,0.7238579,0.36740413,0.31443244,0.32330808,0.37937015,0.3997711,0.40158162,0.40251836,0.375231,0.37993556,0.40293097,0.39551625,0.39809287,0.39465398,0.4037281,0.4013433,0.4022315,0.40040857,0.39901614,0.39950514,0.40057173,0.38449192,0.39332566,0.39805102,0.37804174,0.4029163,0.36853668,0.3898939,0.3917265,0.4029568,0.40359256,0.40219706,0.40132287,0.40340084,0.40240708,0.4031645,0.40334886,0.4028794,0.40507776,0.4019562,0.3901229,0.4029035,0.36098295,0.3890425,0.39811468,0.3611182,0.40110627,0.3988699,0.40494826,0.4020488,0.40535924,0.4044153,0.40179315,0.37266362,0.40431508,0.38318694,0.28956816,0.33506218,0.18770424,0.38275316,0.21677305,0.38285863,0.25044927,0.40212446,0.3233623,0.38711384,0.3712106,0.40223193,0.19723107,0.39811146,0.3773456
12,0.4160942,0.3692997,0.38094625,0.27634957,0.6506618,0.33301437,0.266787,0.25418612,0.8071667,0.71717453,0.31326452,0.04152071,0.0,0.11897349,0.16731757,0.34292084,0.3929821,0.615371,0.53612137,0.3193661,0.16715825,0.061302576,0.6228946,0.3465829,0.23527673,0.64676183,0.31215206,0.33786193,0.12266013,0.26923305,0.27970088,0.4821621,0.1834036,0.06521225,0.4649754,0.66849357,0.67110723,0.75536895,0.39379877,0.21118021,0.022389514,0.035822306,0.04227172,0.6193738,0.5739292,0.06826514,0.5461121,0.4777044,0.32033005,0.27908024,0.16944891,0.5829508,0.19754414,0.1648335,0.15345807,0.28663036,0.2758743,0.5305932,0.5553511,0.35975122,0.36187884,0.3569821,0.29806927,0.27055302,0.30383682,0.24265076,0.12430945,0.12623459,0.108916156,0.35027632,0.9421245,0.81999916,0.8488588,1.0029098,0.818442,0.7712404,0.85345024,1.0932313,1.0512872,0.7936198,0.78232014,0.9585224,1.060334,1.0504553,1.0468819,0.9767459,0.9779754,1.0692632,1.0933498,1.0872681,1.0823904,0.98629093,0.9959689,0.95542413,1.0571,0.85973537,1.0450552,1.048861,0.99348867,0.99136174,0.7102987,0.8662629,1.0098773,1.0399333,1.0158563,0.95025414,0.9991309,0.8921723,1.0895042,0.945475,0.92848504,1.0248657,0.98661155,1.0284379,1.0935291,1.0290747,0.9496745,1.0248913,0.98609084,1.0741467,1.0683961,0.9335658,0.60708874,0.9191549,0.62460124,0.98114926,1.0035248,0.8929254,1.0668172,0.8178715,0.9173444,0.9810549,0.5545179,0.67855895,0.66509676,0.59856814,0.9033624,0.509649,0.508727,0.76494616,0.33310896,0.28322574,0.2888908,0.34153268,0.36177486,0.3633636,0.36378008,0.33709654,0.34327888,0.36435953,0.3576321,0.36102244,0.3579387,0.36486068,0.36282834,0.36377192,0.36139286,0.36179695,0.362115,0.36254656,0.3486194,0.3556744,0.35987145,0.34070095,0.36393926,0.32967696,0.35275042,0.35453314,0.36426455,0.36468565,0.3637896,0.36265874,0.36445484,0.36372524,0.3645342,0.3642161,0.36415485,0.36597267,0.36322016,0.35226145,0.3638372,0.3231177,0.35103577,0.3595061,0.32624114,0.36293814,0.36154878,0.3658322,0.36313266,0.3659859,0.36538878,0.36280373,0.33393994,0.3653823,0.3447901,0.25081858,0.2968953,0.15066256,0.34578365,0.17662615,0.34482318,0.210344,0.36289713,0.28532803,0.3488476,0.3323183,0.36330527,0.16033357,0.35949382,0.33924457
13,0.5238944,0.48549685,0.49958706,0.39514008,0.76243126,0.45095682,0.37725955,0.37187445,0.8954323,0.81745887,0.41058484,0.15531509,0.11897349,0.0,0.049117662,0.46113178,0.5118658,0.7309079,0.65487,0.2027823,0.07535398,0.11136574,0.7369709,0.23134317,0.3410014,0.754011,0.19493964,0.22085889,0.23651753,0.15026966,0.16177215,0.5891539,0.1090964,0.06689501,0.5746173,0.7760544,0.770961,0.8530553,0.50482154,0.32709843,0.099122606,0.084184505,0.10126877,0.7215906,0.68870693,0.050820522,0.65966135,0.59210694,0.43439344,0.38156584,0.27585348,0.6936371,0.13899256,0.27560493,0.1647737,0.38385153,0.39221683,0.6479196,0.6679239,0.24476862,0.2478778,0.24333179,0.18493497,0.15191464,0.18846877,0.13091834,0.23028322,0.0479388,0.20604236,0.23232222,1.0186561,0.9034821,0.9339403,1.0756389,0.90574604,0.8573516,0.93395084,1.1594094,1.1202362,0.8854864,0.8721965,1.0348308,1.1287704,1.1195761,1.116253,1.0514219,1.0526733,1.1369116,1.1595339,1.1538606,1.1492937,1.0603122,1.0691684,1.0320203,1.1246957,0.9412847,1.1145604,1.1179425,1.0661521,1.0648729,0.8099217,0.95112395,1.0820488,1.1097252,1.0875028,1.0272611,1.072144,0.9736678,1.1559244,1.0228199,1.0074036,1.0958067,1.0606371,1.0990092,1.1596985,1.0997503,1.0267926,1.0958964,1.06013,1.1416196,1.1362729,1.0114335,0.6969251,0.9989806,0.73916346,1.0555952,1.0757873,0.97513574,1.134785,0.9076571,0.9973422,1.0554997,0.6462608,0.7687614,0.7627703,0.71107286,0.98377776,0.586619,0.5967393,0.8576939,0.21436182,0.16767068,0.17016026,0.2242119,0.24468274,0.24664873,0.2481506,0.22026849,0.2247146,0.24834779,0.24036849,0.24278466,0.23941831,0.24954669,0.24669798,0.24752393,0.24648325,0.24370107,0.2442006,0.24550056,0.22971033,0.23808122,0.24309212,0.22273484,0.24891572,0.21446031,0.23458005,0.23641147,0.24852549,0.24947383,0.24743555,0.24685845,0.24934648,0.24796326,0.2486527,0.24962945,0.2484918,0.25129923,0.24758682,0.23496783,0.24906059,0.20585738,0.23397148,0.24358705,0.20731941,0.24613458,0.2435587,0.251191,0.24794964,0.25214237,0.25049564,0.24781734,0.21836057,0.25023612,0.22844987,0.13575745,0.18020444,0.03256464,0.22745529,0.07188162,0.22781348,0.10268999,0.24859978,0.16841494,0.23224348,0.21717842,0.24814937,0.041953955,0.24359521,0.2223543
14,0.5723264,0.53460294,0.54823,0.44366595,0.8112655,0.4998619,0.4261352,0.42081776,0.93931466,0.86427116,0.45757064,0.20435813,0.16731757,0.049117662,0.0,0.5099638,0.5602823,0.78002346,0.7034363,0.15372062,0.07874503,0.15870337,0.7860241,0.18252195,0.3894418,0.8021988,0.14582378,0.17174815,0.2856351,0.10303202,0.11270137,0.6374103,0.115768924,0.115248285,0.62325823,0.82428265,0.817727,0.8992665,0.5536609,0.3761976,0.14802046,0.13305709,0.1451987,0.76888627,0.7378019,0.09908592,0.70868593,0.641192,0.4834836,0.42947397,0.32453766,0.7423585,0.14937055,0.32461026,0.19938552,0.43092564,0.44130787,0.6969537,0.71686345,0.19598967,0.19936919,0.19494672,0.13703193,0.10324169,0.13970752,0.08464341,0.2790857,0.07684674,0.25428778,0.18328263,1.0591443,0.9460954,0.9769338,1.1149228,0.94936544,0.9007362,0.97570014,1.1965683,1.1583103,0.9302879,0.91652066,1.0752289,1.1666744,1.1577038,1.1544623,1.0913187,1.0925746,1.1745608,1.1966944,1.1911567,1.1866933,1.1000025,1.1086023,1.072506,1.1623482,0.9833109,1.1528131,1.1560607,1.1054317,1.1044056,0.8566,0.99403363,1.1211565,1.1480727,1.1264448,1.0678726,1.1115177,1.0156282,1.193164,1.0635353,1.0485914,1.1345236,1.1003284,1.1376096,1.1968542,1.138381,1.0674367,1.1346325,1.099826,1.1792072,1.1739933,1.0523163,0.7415415,1.0404371,0.78824526,1.0954179,1.1149321,1.017291,1.1725359,0.95191044,1.0388496,1.0953221,0.69143337,0.8133278,0.80907726,0.7599971,1.0254227,0.62838185,0.6411797,0.9027455,0.16784853,0.12756254,0.123978175,0.17509495,0.19556613,0.19755231,0.19921726,0.17117018,0.17596634,0.19934228,0.19125125,0.19384153,0.19063625,0.20068021,0.19767414,0.19848163,0.19772011,0.19470496,0.19515471,0.19638506,0.18149701,0.1889821,0.19399141,0.1736955,0.20011961,0.16567764,0.1856077,0.18742207,0.19956978,0.2006312,0.19837852,0.19789249,0.20052882,0.19900364,0.19966993,0.20094666,0.19955124,0.20258969,0.19865328,0.18585087,0.20032766,0.15673986,0.18485638,0.19460183,0.16016087,0.19703133,0.19453132,0.20249034,0.19911605,0.20367108,0.20172992,0.19903234,0.16947766,0.20140801,0.17940603,0.08739641,0.13114485,0.016678067,0.17855088,0.041483216,0.17870131,0.061638653,0.20000103,0.11933315,0.18316293,0.16841088,0.19932199,0.007197237,0.19461377,0.17325042
15,0.15457942,0.049345028,0.041465994,0.069521494,0.32924858,0.012385227,0.123890735,0.08980064,0.5735433,0.44228676,0.19084471,0.30611205,0.34292084,0.46113178,0.5099638,0.0,0.059395224,0.27906424,0.19510683,0.6622223,0.4935175,0.36331287,0.29236317,0.6890474,0.16636632,0.3462739,0.6550714,0.6807623,0.22762227,0.6106515,0.62254876,0.20509705,0.49437383,0.3988458,0.17470159,0.3650861,0.40229976,0.48836812,0.11682455,0.13795015,0.3620095,0.37695497,0.37251064,0.34536308,0.241771,0.4109346,0.22125219,0.15297684,0.07169417,0.16620171,0.20671998,0.27048686,0.49097228,0.19709668,0.397612,0.19193782,0.07658303,0.18901944,0.23506488,0.7020857,0.7037882,0.6987508,0.6399542,0.61304605,0.64644986,0.5845155,0.24350296,0.45677024,0.27371943,0.6931435,0.7412787,0.60352796,0.6239303,0.8112288,0.5875697,0.54931664,0.6451706,0.9182589,0.8694798,0.54705137,0.54457074,0.75732744,0.87971395,0.868119,0.86391467,0.78003466,0.78110635,0.8907616,0.9183509,0.91125506,0.90562,0.79122454,0.8031134,0.7534284,0.8794925,0.64706516,0.86174524,0.86675274,0.80264175,0.7977292,0.43882674,0.6408057,0.8196675,0.85596377,0.8270663,0.7471644,0.8067147,0.67715657,0.91393733,0.74152094,0.72012573,0.83792067,0.79150873,0.8425289,0.9185683,0.84277266,0.74623257,0.8377263,0.7909752,0.8959491,0.8891804,0.72859144,0.39190215,0.7082089,0.291987,0.7849469,0.81340736,0.6752457,0.88738835,0.57748795,0.7059089,0.7848628,0.34139732,0.4507367,0.40664947,0.27611247,0.6914368,0.3732582,0.32494798,0.5172929,0.67326635,0.61845744,0.62925977,0.68445253,0.7046768,0.7062108,0.7063391,0.6799769,0.6858445,0.7070371,0.7005482,0.7038006,0.70054346,0.7073069,0.7055415,0.70651513,0.703694,0.70462877,0.7049935,0.7054434,0.69059235,0.69859105,0.70273197,0.68356276,0.7062779,0.6721778,0.69555396,0.69735456,0.70685863,0.70709443,0.70655936,0.7052751,0.70682496,0.7063276,0.70717263,0.70637566,0.70672435,0.7081631,0.7057815,0.6951795,0.7060773,0.6660373,0.693938,0.7021638,0.6671556,0.70580095,0.7044103,0.7080095,0.7055345,0.7078035,0.70767146,0.705131,0.6765434,0.70776445,0.68757665,0.59351116,0.63978165,0.4932858,0.68851423,0.51794565,0.68772185,0.5514714,0.70493597,0.62823904,0.69168454,0.6747867,0.70569646,0.5029004,0.70214546,0.6821318
16,0.1817336,0.08124186,0.020016136,0.11685756,0.3080847,0.07177849,0.18287192,0.14508848,0.5804445,0.4396519,0.24426138,0.35799053,0.3929821,0.5118658,0.5602823,0.059395224,0.0,0.24692957,0.14354974,0.7111823,0.54791474,0.41761073,0.2655897,0.7372129,0.22570707,0.33641526,0.7044073,0.72988784,0.2820077,0.6619815,0.67242384,0.21742874,0.55033326,0.45128945,0.18502146,0.35296875,0.403423,0.4871315,0.14637426,0.1943764,0.41297442,0.427814,0.41976243,0.34720522,0.2157539,0.46124586,0.20332946,0.14280498,0.12645371,0.22328593,0.26487246,0.2580366,0.548102,0.25421345,0.4557317,0.24813929,0.13551861,0.15169694,0.2197268,0.7500581,0.75130755,0.74615496,0.68762696,0.66352385,0.69491976,0.63235873,0.29991785,0.51030415,0.3303437,0.74290025,0.7532956,0.6143396,0.6320681,0.8243291,0.5949035,0.5600513,0.6571428,0.93370444,0.8840223,0.5508351,0.5510314,0.76900756,0.89439106,0.8825626,0.8782719,0.79242384,0.79344296,0.90576607,0.9337898,0.92655736,0.92082435,0.80383146,0.81605893,0.76497895,0.8948235,0.6579023,0.87605417,0.881263,0.8160513,0.81057286,0.437578,0.64845186,0.8329858,0.8702,0.84060496,0.7585527,0.8197102,0.6868134,0.9293047,0.7527921,0.73068,0.8517288,0.8041032,0.85650766,0.934013,0.8566609,0.7575513,0.851488,0.8035744,0.9109584,0.90404934,0.7398278,0.41023993,0.71832854,0.2633037,0.7973821,0.8268321,0.6842587,0.9022323,0.58235896,0.71594685,0.79730165,0.36312255,0.4630309,0.41125298,0.25657988,0.70160913,0.40983793,0.35497192,0.5215483,0.72529775,0.6719307,0.6811471,0.7337656,0.7537819,0.7550759,0.75460595,0.7290021,0.7362136,0.7555006,0.7497781,0.75379837,0.75085247,0.75541073,0.7540755,0.7551098,0.75162303,0.7544911,0.754697,0.7545164,0.74157274,0.7480564,0.75164795,0.73334575,0.7542465,0.7204282,0.7454968,0.74725026,0.7551792,0.75514936,0.7552132,0.75363487,0.7548312,0.75466263,0.75556624,0.7541396,0.75500643,0.7559565,0.754053,0.74444443,0.7539307,0.71536684,0.7430583,0.75059986,0.71881276,0.75472116,0.75417906,0.75578886,0.7535837,0.75522804,0.7555705,0.75308824,0.72493625,0.7557839,0.7363003,0.6422308,0.6888926,0.5436372,0.738618,0.56571853,0.7368283,0.5989479,0.75257814,0.6775113,0.7405379,0.72298753,0.7537317,0.5533132,0.7505709,0.73118573
