,0,1,2,3,4,5,6,7,8,9,10,11,12,13,14,15,16,17,18,19,20,21,22,23,24,25,26,27,28,29,30,31,32,33,34,35,36,37,38,39,40,41,42,43,44,45,46,47,48,49,50,51,52,53,54,55,56,57,58,59,60,61,62,63,64,65,66,67,68,69,70,71,72,73,74,75,76,77,78,79,80,81,82,83,84,85,86,87,88,89,90,91,92,93,94,95,96,97,98,99,100,101,102,103,104,105,106,107,108,109,110,111,112,113,114,115,116,117,118,119,120,121,122,123,124,125,126,127,128,129,130,131,132,133,134,135,136,137,138,139,140,141,142,143,144,145,146,147,148,149,150,151,152,153,154,155,156,157,158,159,160,161,162,163,164,165,166,167,168,169,170,171,172,173,174,175,176,177,178,179,180,181,182,183,184,185,186,187,188,189,190,191,192,193,194,195,196,197,198,199,200,201,202,203,204,205,206,207,208,209,210,211,212,213
0,0.0,0.17382014,0.20597206,0.16838488,0.21407601,0.11983037,0.22630805,0.24245386,0.12928683,0.18817878,0.17354682,0.22132182,0.18840905,0.19973789,0.24630842,0.24829505,0.23703294,0.09341057,0.17808495,0.17578152,0.15383768,0.21833117,0.21895026,0.2320465,0.23982622,0.23636179,0.20322414,0.24336955,0.24144834,0.22800586,0.20693189,0.2687365,0.158543,0.2529871,0.23807153,0.2523749,0.11409395,0.23883,0.18143506,0.18143506,0.25651783,0.2728498,0.23783778,0.1693752,0.1785251,0.17476112,0.2081612,0.11198281,0.2080958,0.20391537,0.16216215,0.20425364,0.32660288,0.3258688,0.3222964,0.34178162,0.20769729,0.22817945,0.18957005,0.16623841,0.22678122,0.09046956,0.11508112,0.14112231,0.16997579,0.19643776,0.18646099,0.19455734,0.19305536,0.22627921,0.07527526,0.093322575,0.15672499,0.14326891,0.16241944,0.1666528,0.10238989,0.14603673,0.14758599,0.14112742,0.12360166,0.1930758,0.16226186,0.13671157,0.13715254,0.15857299,0.2130733,0.12276246,0.1719239,0.16169083,0.06558052,0.21148045,0.2098814,0.23096304,0.22820781,0.1457606,0.119457096,0.23934549,0.2900468,0.24602465,0.26827556,0.3172179,0.35758692,0.19810538,0.25165808,0.97163886,1.0651227,0.9398555,0.8312459,0.69118726,0.77968735,0.7799878,0.7877437,0.05197978,0.06734325,0.0669021,0.041813225,0.060835846,0.07284255,0.11363547,0.09424362,0.10954942,0.15760496,0.12555003,0.12153011,0.0886832,0.17686436,0.36670184,0.44023925,0.621691,0.63592464,0.91035295,0.06008829,0.07834925,0.10456255,0.05262441,0.12371401,0.14526027,0.18365182,0.1617275,0.12345557,0.09210465,0.10746889,0.14612587,0.21389484,0.067550145,0.17567962,0.1679573,0.1669244,0.1771206,0.23967396,0.09029822,0.21692348,0.18860896,0.16406664,0.22186448,0.20675194,0.12126802,0.19080748,0.22981085,0.2172561,0.16361192,0.22672051,1.1035227,0.9705031,0.9715396,0.9948912,1.0856673,1.0795517,1.0813998,1.0790654,0.98382133,0.98256713,1.0800462,0.9803266,1.0730658,0.9668418,0.96153307,0.97611576,0.9838012,1.0244106,1.0537499,1.0812275,1.08848,1.0843215,1.0692413,1.1010754,0.96204495,0.99641377,1.079236,0.9896798,1.0290099,1.0439143,0.9935456,0.9929501,1.0352612,1.0273126,1.0332574,1.0326283,1.0359831,1.037509,1.0780821,1.0438054,0.9940595,1.0333852,0.9930711,0.9973126,1.083641,1.0359703,0.9997487,0.9929538,0.9935405,0.9947301,0.992953
1,0.17382014,0.0,0.032152154,0.0063350177,0.04054226,0.05619152,0.05284112,0.06905947,0.044853847,0.014394753,0.010781117,0.04782831,0.016254576,0.025944363,0.072689354,0.07468936,0.06363299,0.08041231,0.004970894,0.008106098,0.022121448,0.045854546,0.04541734,0.058367327,0.06622347,0.06276582,0.02940429,0.069654375,0.06769217,0.054282784,0.033112064,0.09516208,0.017558288,0.07918748,0.06437085,0.0787689,0.060422488,0.065077424,0.011530202,0.011530202,0.082955,0.09918914,0.064031504,0.008112567,0.00957268,0.0025653478,0.034589633,0.06209173,0.035016447,0.0301095,0.012135472,0.03102198,0.1528009,0.15211295,0.1487497,0.16877371,0.03390666,0.05444468,0.016732937,0.007634267,0.05315964,0.25964025,0.058745112,0.03294174,0.0047494066,0.0226388,0.012673255,0.020772928,0.019235307,0.05262191,0.20263404,0.25328538,0.03908175,0.053872015,0.037941217,0.033994697,0.08799375,0.047913253,0.054499798,0.07166875,0.10412603,0.03828297,0.02935346,0.06601665,0.1345698,0.04048501,0.050271504,0.08269845,0.03545014,0.07434292,0.12607904,0.049052984,0.07558273,0.0678417,0.06479654,0.05953864,0.06751562,0.08011951,0.13535094,0.10083537,0.13832672,0.15977056,0.18929446,0.0574748,0.11475243,0.89410603,1.1326998,0.8591722,0.7369145,0.5733047,0.6756485,0.6760126,0.68635803,0.14516816,0.11067284,0.11567151,0.1595147,0.1607044,0.18117352,0.07642009,0.088757224,0.112361945,0.04285533,0.084127,0.06512726,0.11917878,0.022653678,0.25427246,0.37451917,0.5264004,0.52319974,0.8260667,0.11831657,0.23866662,0.07515006,0.20049708,0.057633106,0.05022165,0.037595212,0.045409627,0.07481479,0.101030014,0.11297738,0.07086922,0.07316413,0.15991978,0.10250557,0.12730148,0.16866717,0.1079215,0.27265877,0.16551788,0.06950781,0.11871014,0.118726656,0.120284125,0.1296635,0.10180006,0.19104855,0.2546915,0.19493422,0.19686502,0.35315233,1.1830025,0.92394525,0.9154548,0.9322274,1.0137597,1.009272,1.0115203,1.0102847,1.001463,0.9968853,1.009358,0.98451895,1.006176,0.94210243,0.92674655,0.94941306,0.95223814,0.9691436,0.9962228,1.0146106,1.0168735,1.0122312,1.1422182,1.179576,0.99322206,1.0252467,1.1502808,0.9947399,0.9877286,0.994211,1.0048195,0.9974691,0.990251,0.9871187,0.9893749,0.9891428,0.9905228,0.99115103,1.0121646,0.99409765,1.0075393,0.98940605,0.99507874,0.98618406,1.15562,0.99055254,0.98476833,0.9995598,1.0047121,0.98954374,0.99877346
2,0.20597206,0.032152154,0.0,0.037765138,0.009722201,0.08777503,0.021435797,0.037453912,0.07689843,0.01782043,0.034441423,0.01655879,0.019167233,0.006339111,0.04078397,0.042789526,0.032096826,0.11256442,0.028037759,0.031348046,0.05312597,0.017317347,0.014169693,0.026468992,0.034378037,0.030959217,0.0027479464,0.03764439,0.035633694,0.022337526,0.0009601172,0.06322169,0.048333257,0.047062308,0.032400824,0.046850957,0.0924055,0.033030245,0.026329415,0.026329415,0.051063687,0.067171216,0.031905457,0.03735892,0.028869955,0.031309027,0.004890497,0.09418152,0.00821107,0.0022359863,0.04397322,0.0066410876,0.12065465,0.11998677,0.11672378,0.13697533,0.0024024062,0.022474768,0.017562378,0.039748654,0.021433456,0.29151642,0.09089666,0.065003276,0.036134344,0.0096088275,0.019542707,0.011506953,0.01291688,0.020830747,0.23283128,0.28463322,0.06229069,0.079083234,0.05864685,0.053347863,0.11767802,0.07340637,0.07811245,0.09492086,0.1289378,0.03813755,0.052596867,0.09119773,0.15676112,0.062482174,0.034787446,0.10920051,0.051331777,0.09120015,0.15701309,0.034523398,0.07228287,0.046882953,0.04420266,0.08294868,0.09682821,0.060152687,0.11289993,0.08633147,0.12629722,0.13502844,0.15941636,0.057121597,0.102398254,0.88265,1.1475353,0.8471959,0.72258586,0.5546232,0.65951777,0.6598938,0.6707519,0.17630689,0.14245254,0.14711294,0.19089444,0.19111766,0.21099088,0.10556617,0.1196118,0.13908575,0.064762756,0.10990065,0.094382636,0.14826897,0.037926756,0.24145992,0.36998,0.51318425,0.50603986,0.8134723,0.15012577,0.27013236,0.10623687,0.23180203,0.087869436,0.07548681,0.04526265,0.06493623,0.10209648,0.13090922,0.13997506,0.09278329,0.06697151,0.1899127,0.11549245,0.14344697,0.18746014,0.1208039,0.28987688,0.19379252,0.06022845,0.12926884,0.13534515,0.120955735,0.1363962,0.12713788,0.20759116,0.27140534,0.20705293,0.2180701,0.3805916,1.199777,0.91855454,0.90822303,0.92363226,1.003073,0.9989228,1.0012447,1.0002316,1.0078537,1.0026892,0.99892706,0.9885167,0.99651086,0.9408483,0.9236277,0.9477588,0.9496454,0.9618905,0.9884403,1.0049762,1.0062385,1.001512,1.1579604,1.19619,1.0020655,1.0335729,1.1656754,0.99886256,0.9831444,0.98796916,1.0100445,1.0014834,0.98493576,0.9827468,0.98428136,0.98412704,0.98511916,0.98557085,1.0026759,0.9878553,1.0131565,0.9842937,0.9986395,0.98733896,1.171164,0.9851571,0.9852066,1.0039498,1.0099187,0.99179375,1.0030221
3,0.16838488,0.0063350177,0.037765138,0.0,0.04570493,0.051793095,0.057968426,0.07416097,0.039923083,0.02027465,0.014787698,0.05296822,0.022583148,0.031695165,0.07793691,0.07992778,0.068731494,0.074994326,0.009731428,0.013266122,0.019115109,0.050462376,0.050583854,0.063662045,0.07145614,0.06799177,0.03502964,0.07498473,0.0730695,0.059623357,0.038723383,0.100387424,0.015231509,0.08462956,0.06968667,0.08400912,0.055524137,0.07045083,0.014047001,0.014047001,0.088167615,0.10447508,0.06949772,0.0036060812,0.0153336385,0.008494064,0.04050245,0.056986112,0.039864097,0.035806436,0.0062251645,0.0370917,0.15836316,0.15773001,0.15448536,0.17464428,0.03937202,0.05979902,0.021295348,0.00314788,0.05840183,0.2546848,0.053334665,0.027281124,0.0016597899,0.02816372,0.018245328,0.026268512,0.02491496,0.05789545,0.19877203,0.24874872,0.039425336,0.052933283,0.039199993,0.035918444,0.08465856,0.047028247,0.054135397,0.07107512,0.10266467,0.04363778,0.030314548,0.06483993,0.13375361,0.04118569,0.056457397,0.08080454,0.03822363,0.07554749,0.12191738,0.055211212,0.08042872,0.07412235,0.071075715,0.059121534,0.064531945,0.08633105,0.14158502,0.10663022,0.1437627,0.1660753,0.19553007,0.06226026,0.12030017,0.8991048,1.1330905,0.86424017,0.74227846,0.57914037,0.6812191,0.6815818,0.6918708,0.14084633,0.10590179,0.11118318,0.15501389,0.15678121,0.17751786,0.07343696,0.08475094,0.1101701,0.043476406,0.08249429,0.06219951,0.115990356,0.026748968,0.25960755,0.37868014,0.53166485,0.52889574,0.83121467,0.11350554,0.23405524,0.07104857,0.1960152,0.054236922,0.049359303,0.041920103,0.046667665,0.07269028,0.09753064,0.11067893,0.07071816,0.07837621,0.15621084,0.10425239,0.12812665,0.16864075,0.10964085,0.27279487,0.16255192,0.07506995,0.120834,0.11949476,0.12416594,0.13245761,0.100174114,0.19150904,0.25497523,0.19638203,0.19611673,0.35031018,1.1829474,0.9280947,0.91987586,0.9368399,1.0186495,1.0141174,1.0163556,1.0150903,1.0036027,0.9991362,1.0142143,0.9871045,1.0109296,0.94559973,0.9305456,0.9529749,0.955951,0.9735629,1.0007156,1.0193596,1.0217562,1.0171252,1.1424037,1.1795586,0.9948868,1.0270101,1.1505444,0.99730164,0.9917494,0.9984806,1.0071776,1.0000502,0.99438274,0.99110705,0.9934732,0.99322927,0.99466777,0.99532247,1.0168939,0.9983673,1.009824,0.99350715,0.99774206,0.9892718,1.1558495,0.99469626,0.9879786,1.0020722,1.0070736,0.99244076,1.0013118
4,0.21407601,0.04054226,0.009722201,0.04570493,0.0,0.09661644,0.012298859,0.028517235,0.08538718,0.026614219,0.043859415,0.0072860518,0.028753776,0.015726196,0.032233533,0.034223113,0.023091024,0.12069769,0.036048554,0.04062577,0.062090997,0.008053929,0.0048812153,0.018001676,0.025751956,0.022287445,0.012097257,0.029329417,0.027477717,0.014059957,0.00895986,0.054684013,0.057318877,0.03909643,0.024029626,0.038304314,0.10096373,0.02486515,0.032976788,0.032976788,0.042464953,0.05877418,0.024121212,0.04478739,0.038254056,0.04001856,0.011495562,0.1025907,0.0065565105,0.011922923,0.051921755,0.015420268,0.11290297,0.112381995,0.10947898,0.13014762,0.007368664,0.0142633,0.024537688,0.047981415,0.012711517,0.30018234,0.09903959,0.072953776,0.044131525,0.018092224,0.02789995,0.01987334,0.021637134,0.012236219,0.24220079,0.29364705,0.072006725,0.08878369,0.068364106,0.06305911,0.12708955,0.083090104,0.08783434,0.10463761,0.13865992,0.04674852,0.06229033,0.10090921,0.16640577,0.072204225,0.04017278,0.11888733,0.060962427,0.100629434,0.16616352,0.040250175,0.07902805,0.049095925,0.04676176,0.092670515,0.106269516,0.06213935,0.112600714,0.089633636,0.12980801,0.13340339,0.15451348,0.064886495,0.106112905,0.8851461,1.1561805,0.8495361,0.7241944,0.5547577,0.6605308,0.66091096,0.6719437,0.1853919,0.15119494,0.15605822,0.19988067,0.20042689,0.22042894,0.115042716,0.12876514,0.14877902,0.07448366,0.119609684,0.10382782,0.15778978,0.047643833,0.24406667,0.37476274,0.515265,0.50676745,0.8156235,0.15884644,0.2790859,0.11530351,0.24082969,0.09713644,0.08518108,0.0544739,0.07461592,0.11173911,0.140299,0.14965768,0.10247487,0.073195696,0.19931202,0.12442621,0.1526377,0.1968388,0.12969996,0.29900724,0.20341548,0.06589243,0.13781656,0.14460407,0.12782136,0.14430468,0.13685814,0.21671441,0.2804881,0.21559203,0.22762108,0.39028656,1.2087044,0.92282873,0.91198176,0.9269908,1.0057838,1.0017383,1.0040823,1.0031375,1.0149667,1.0096794,1.0017174,0.9951159,0.9995352,0.94620895,0.92851204,0.95301694,0.95466214,0.965632,0.9920239,1.0080081,1.0089647,1.0042132,1.166742,1.2050949,1.0096738,1.0410765,1.1744049,1.005488,0.9876266,0.99199295,1.0169096,1.0080845,0.9892179,0.98728645,0.9886245,0.9884915,0.9893769,0.9897797,1.0057524,0.991879,1.0201055,0.98863167,1.0051395,0.99328256,1.1799155,0.989417,0.9909781,1.0106336,1.01678,0.99799466,1.0096749
5,0.11983037,0.05619152,0.08777503,0.051793095,0.09661644,0.0,0.10889703,0.12509428,0.013049661,0.07005328,0.054122847,0.10389103,0.06934342,0.081439555,0.12855566,0.13056105,0.119682625,0.029004216,0.06093738,0.056692462,0.0346763,0.10202517,0.10146902,0.11423023,0.122131296,0.11869417,0.08505597,0.12541294,0.12338313,0.11010606,0.08872123,0.15099515,0.039469942,0.13469297,0.12017585,0.13462533,0.007628632,0.1207891,0.0657884,0.0657884,0.13883622,0.15491715,0.11957903,0.053811025,0.059360966,0.056598533,0.08937347,0.01109542,0.091207564,0.08561279,0.045936547,0.08525725,0.20768028,0.2067938,0.2029311,0.2220996,0.0897316,0.11024756,0.07281808,0.049079996,0.10910929,0.20378564,0.014192927,0.027466072,0.05318218,0.078551784,0.06873617,0.07674597,0.07503267,0.10853926,0.14721014,0.197094,0.039616983,0.032690123,0.045164876,0.048429653,0.03545946,0.0319034,0.03763321,0.04455624,0.06325633,0.074079394,0.043066885,0.035891183,0.09635777,0.042036876,0.09366219,0.041279703,0.05392655,0.062308613,0.070157126,0.09208476,0.097825475,0.111826606,0.10897801,0.0392534,0.020411374,0.12118765,0.17432624,0.13241133,0.16204119,0.20093854,0.23825495,0.08271176,0.14154835,0.90394676,1.097208,0.8700664,0.7525502,0.59778094,0.6948688,0.6952088,0.7045608,0.089057446,0.05470711,0.0594802,0.10332411,0.10518972,0.12628236,0.027340591,0.03326685,0.06556917,0.04191526,0.04462083,0.019356487,0.0664213,0.05710934,0.2727648,0.37582847,0.5412144,0.5451916,0.83819616,0.06239547,0.18248402,0.01952819,0.14431092,0.011225325,0.0324344,0.06537298,0.047043215,0.03317629,0.047230218,0.06544884,0.047957882,0.099916354,0.10493013,0.08955124,0.10313829,0.13494246,0.0939597,0.23783858,0.1131757,0.10104491,0.107264996,0.0948732,0.12635924,0.123652644,0.05989345,0.16041113,0.22123939,0.1725093,0.15695041,0.30066526,1.144459,0.92282516,0.91762745,0.9367903,1.0218904,1.0168008,1.0189103,1.0172747,0.9798746,0.9762883,1.0170349,0.96699107,1.0124741,0.9336855,0.9216225,0.94167095,0.9461232,0.97120583,0.99916184,1.0208338,1.024903,1.0204241,1.1053056,1.1412817,0.9675853,1.0003967,1.1138972,0.9769769,0.98501235,0.99440974,0.98517615,0.97988284,0.9888183,0.98403037,0.98755264,0.98718387,0.98924553,0.99018455,1.0181303,0.99429756,0.98723155,0.987617,0.97826576,0.9734952,1.1189984,0.9892608,0.97331417,0.9813342,0.98509973,0.97497314,0.9807882
6,0.22630805,0.05284112,0.021435797,0.057968426,0.012298859,0.10889703,0.0,0.016218416,0.09768477,0.038861636,0.05587363,0.0050128084,0.04058761,0.027713606,0.020030359,0.022002932,0.010792678,0.13294937,0.048333175,0.05273623,0.07433897,0.009826203,0.007429089,0.006228577,0.013558658,0.010110013,0.024048874,0.017298903,0.015617627,0.0036964102,0.02054085,0.042429015,0.06955937,0.02720065,0.012061792,0.026076969,0.113262415,0.013076295,0.045021024,0.045021024,0.030209789,0.046557922,0.012824279,0.05695892,0.05029329,0.0522992,0.021428907,0.11488241,0.018274017,0.02366773,0.0641785,0.025843669,0.10090153,0.10045791,0.09777178,0.1186836,0.01928479,0.0039787935,0.03673807,0.060272824,0.0017929465,0.3124812,0.11129875,0.08519082,0.056404285,0.030348675,0.040195882,0.03215194,0.03387978,0.002239887,0.2542648,0.3059007,0.08333373,0.10021661,0.07940237,0.07404155,0.13911372,0.09461455,0.0990162,0.11559576,0.1497335,0.055261128,0.07379513,0.112247884,0.17677045,0.08335327,0.044573314,0.1303736,0.07150232,0.110325165,0.1783646,0.04507335,0.08400681,0.04894341,0.04718427,0.1037674,0.118263476,0.061118178,0.107786305,0.08964994,0.1296437,0.12689239,0.14455798,0.071661964,0.10644859,0.88277966,1.1634905,0.84697646,0.7207437,0.5496004,0.65637255,0.65675753,0.6679976,0.19762005,0.1634897,0.1683248,0.21213947,0.21253854,0.23242512,0.12699637,0.14096245,0.16021922,0.0855783,0.13095623,0.11581769,0.16968136,0.058760658,0.24223194,0.37570405,0.5124751,0.50232494,0.8128303,0.17114273,0.2913543,0.12753323,0.25307834,0.10927092,0.0966529,0.06394396,0.08532859,0.123390764,0.15234384,0.1611518,0.113195166,0.077518485,0.21134831,0.13281986,0.16155525,0.20620248,0.13799335,0.30761218,0.21510327,0.06959451,0.14536332,0.15371312,0.13249847,0.15063518,0.14804861,0.22536711,0.2889848,0.22294171,0.23753352,0.40168244,1.2166622,0.9228435,0.91128373,0.925749,1.003677,0.9997684,1.0021409,1.0012853,1.0193481,1.0138507,0.99971473,0.99863523,0.9978392,0.9477957,0.92939824,0.9544496,0.9557379,0.9649026,0.9910761,1.0063211,1.0068774,1.002094,1.1743581,1.2129993,1.0149336,1.0461433,1.1819019,1.0090495,0.9879262,0.9916484,1.0208688,1.0116055,0.9892343,0.9876679,0.98872703,0.98862416,0.9893591,0.9896932,1.0041243,0.99153423,1.0242058,0.98872685,1.0084953,0.9957539,1.1874624,0.98940235,0.993183,1.0142909,1.0207325,1.0008705,1.013281
7,0.24245386,0.06905947,0.037453912,0.07416097,0.028517235,0.12509428,0.016218416,0.0,0.113902494,0.055044264,0.071855806,0.021231197,0.05648809,0.043780245,0.0047254264,0.0063427184,0.00543028,0.1491215,0.06454276,0.06880187,0.090507515,0.024526704,0.023643753,0.011170876,0.0037402872,0.006651162,0.04012586,0.004637178,0.005639781,0.0152683,0.03653018,0.026322618,0.08572231,0.012707152,0.006161855,0.010200434,0.12948081,0.006564698,0.0610661,0.0610661,0.014153623,0.030539066,0.00870746,0.073080085,0.06630759,0.0685015,0.03676924,0.13109495,0.03435814,0.03966525,0.08036428,0.041187588,0.08518999,0.0848804,0.08257566,0.103834525,0.035396382,0.015183026,0.05290032,0.076486364,0.01602137,0.32869935,0.12748009,0.101354845,0.0726042,0.046543002,0.0564116,0.048357658,0.050063275,0.016626772,0.27019587,0.32206023,0.09861004,0.11554852,0.09441672,0.08903248,0.1550257,0.110052586,0.11409458,0.13039088,0.1645811,0.06824469,0.089275666,0.12745456,0.19076289,0.098456345,0.054191384,0.14570631,0.086095355,0.123790674,0.19446665,0.055067886,0.092637874,0.05322441,0.052307066,0.11874347,0.1341539,0.06344417,0.10329553,0.09216033,0.13114637,0.1196538,0.13199814,0.08253274,0.10897756,0.8798575,1.1732134,0.8438087,0.7164369,0.5430993,0.65115076,0.651542,0.6630536,0.21375218,0.17970222,0.18450357,0.22830752,0.22853185,0.24827842,0.14283805,0.15706499,0.17546497,0.1006185,0.14613612,0.1317054,0.18543133,0.07397738,0.240698,0.37749967,0.5091723,0.49681887,0.8093636,0.18735719,0.30753258,0.14367346,0.26923284,0.12531406,0.11203297,0.07762707,0.099992976,0.13891129,0.16827361,0.17645745,0.12774445,0.08557414,0.22725308,0.14470842,0.17391178,0.2189614,0.14973739,0.31929156,0.23059729,0.0772022,0.15620093,0.16632037,0.14003766,0.16000487,0.16302949,0.23723327,0.30055365,0.23322996,0.2508976,0.41676867,1.2272238,0.923058,0.9105609,0.9243037,1.0010681,0.9973414,0.9997512,0.999014,1.0252713,1.0195001,0.9972444,1.0034349,0.99577534,0.9500724,0.93075866,0.9565222,0.9573409,0.9641242,0.99000293,1.0042672,1.0042938,0.999469,1.1844788,1.2234915,1.0220045,1.052957,1.1918665,1.013902,0.9884995,0.9913715,1.0262394,1.0164046,0.98943424,0.98834926,0.9890405,0.9889773,0.98951375,0.9897573,1.0021487,0.9912572,1.0297606,0.9890307,1.0130789,0.9991806,1.1974915,0.98956114,0.99626076,1.0192679,1.0260946,1.0048265,1.0181911
8,0.12928683,0.044853847,0.07689843,0.039923083,0.08538718,0.013049661,0.09768477,0.113902494,0.0,0.05907845,0.0444357,0.09267247,0.05912536,0.07060934,0.11754029,0.11954103,0.10847397,0.036156926,0.04938947,0.04651579,0.02475206,0.09038296,0.09026508,0.10321461,0.1110765,0.107619405,0.0741548,0.11448841,0.11250977,0.09912195,0.07785524,0.14001307,0.029350622,0.123959474,0.109211355,0.12361987,0.0156027265,0.10989853,0.053727977,0.053727977,0.12780806,0.14402716,0.10880357,0.04160602,0.04926993,0.045594536,0.07890756,0.017312638,0.07972243,0.07479576,0.03385284,0.074969344,0.19738737,0.1966134,0.1930102,0.21260226,0.07872861,0.09927991,0.06118432,0.03743644,0.09801327,0.21481377,0.0150883775,0.014440284,0.041410737,0.067468114,0.057522945,0.06561483,0.06401358,0.097473614,0.15984766,0.20889556,0.037289146,0.03625469,0.042153597,0.04410871,0.048434407,0.033308707,0.040665045,0.05164888,0.07458266,0.067779414,0.037621588,0.04305443,0.10761984,0.04000977,0.08642098,0.05212132,0.04954233,0.06662088,0.082626134,0.08488824,0.095636435,0.10479785,0.10185297,0.043672707,0.031692985,0.115048364,0.1692651,0.12879889,0.16070609,0.19542606,0.23046467,0.07923019,0.13922438,0.9072698,1.1089753,0.8731382,0.7544715,0.59745073,0.6959015,0.6962476,0.705845,0.10125433,0.0659821,0.0714405,0.11521409,0.11783376,0.1390999,0.03956923,0.04613309,0.07800704,0.040637862,0.055116333,0.03006034,0.07946901,0.049585763,0.2733731,0.38061014,0.5431891,0.5454414,0.8409727,0.073582485,0.19416612,0.032456163,0.15621157,0.020821035,0.034669198,0.06018345,0.04600765,0.04366637,0.060276784,0.077996515,0.05413292,0.0967477,0.117746554,0.095287584,0.11168037,0.14570624,0.10005073,0.24915422,0.1262253,0.09679564,0.113099806,0.10319835,0.12861645,0.12858628,0.071368314,0.1707728,0.2323024,0.18140274,0.16883451,0.31369236,1.1566098,0.9285375,0.92264295,0.94129604,1.0256329,1.0206763,1.0228171,1.02127,0.9895019,0.9857444,1.0208775,0.9759042,1.0166211,0.9408775,0.9281557,0.94873244,0.95286256,0.97626096,1.0040368,1.0249996,1.028669,1.0241524,1.1172554,1.1534028,0.9778837,1.010573,1.1257809,0.9859343,0.9910728,0.99986625,0.9944681,0.9888093,0.9946145,0.9901669,0.99342924,0.99308866,0.9950095,0.995884,1.022352,0.9997538,0.99663967,0.99348676,0.9870527,0.9815194,1.1309127,0.9950277,0.9811042,0.99037516,0.9943862,0.9833492,0.98978615
9,0.18817878,0.014394753,0.01782043,0.02027465,0.026614219,0.07005328,0.038861636,0.055044264,0.05907845,0.0,0.017834093,0.033865098,0.006401128,0.011559852,0.058530066,0.060534384,0.049637917,0.09477911,0.01074664,0.014315858,0.03547961,0.032681555,0.03144016,0.044198293,0.052089974,0.048647,0.015076357,0.05543361,0.053439822,0.040085386,0.018777823,0.08099218,0.030704917,0.06488267,0.050170414,0.06460614,0.074592926,0.050831668,0.012102209,0.012102209,0.068809316,0.084970415,0.049725883,0.020460946,0.012312069,0.013496998,0.020235725,0.07636144,0.021682296,0.015737224,0.026401447,0.016880492,0.13842812,0.13772734,0.13435557,0.15441121,0.019688992,0.040235277,0.007081634,0.022024816,0.039056797,0.2737392,0.073117636,0.04733003,0.018618073,0.008522243,0.002634778,0.0067960545,0.0049819234,0.0384906,0.21570757,0.2670406,0.047508493,0.06375415,0.044816036,0.039889332,0.10068256,0.05788891,0.06345721,0.08061569,0.114120215,0.0337151,0.03749278,0.07599992,0.14329043,0.048215114,0.04019197,0.09353434,0.039339427,0.07987647,0.13955572,0.039248478,0.07139027,0.05648432,0.053492676,0.06844592,0.079931766,0.069329515,0.12409549,0.09239086,0.13120265,0.14773996,0.17548841,0.054042988,0.10731692,0.88792914,1.1383485,0.8527659,0.72947955,0.56399816,0.6674363,0.66780543,0.67837006,0.15877768,0.12469391,0.12946403,0.173278,0.17388642,0.19402428,0.088762484,0.102160536,0.12342206,0.050594315,0.09456099,0.077500604,0.13156985,0.025033794,0.24720211,0.37116495,0.51938236,0.51451355,0.8193894,0.13235983,0.2524937,0.08868931,0.21422029,0.07059507,0.060091175,0.036991708,0.051825613,0.08605914,0.11385425,0.124189354,0.07907017,0.067652695,0.17285934,0.10639467,0.13293128,0.1757699,0.11180688,0.27917603,0.17750627,0.06259921,0.12155017,0.12454415,0.1185191,0.13076527,0.11207049,0.19710188,0.26094303,0.19886918,0.20523076,0.36478966,1.1895614,0.92041606,0.91111666,0.9272964,1.0079303,1.0035883,1.0058688,1.0047296,1.0032134,0.9983686,1.003639,0.98518306,1.0007888,0.9404063,0.9242203,0.94754,0.9499487,0.9648035,0.99165463,1.0092378,1.0110668,1.0063876,1.1482909,1.1860595,0.9960902,1.027882,1.1561916,0.99546176,0.98456335,0.99031734,1.0060413,0.9981425,0.986764,0.984047,0.9859854,0.9857875,0.98699695,0.98754764,1.0068548,0.9902037,1.0089391,0.9860082,0.99554706,0.9855698,1.1616011,0.98703027,0.9838331,1.000403,1.0059255,0.98942125,0.9995528
10,0.17354682,0.010781117,0.034441423,0.014787698,0.043859415,0.054122847,0.05587363,0.071855806,0.0444357,0.017834093,0.0,0.050959975,0.015406817,0.028172975,0.07500924,0.07701039,0.066524446,0.08059255,0.014203682,0.003725046,0.019720102,0.050381202,0.048548006,0.06078231,0.06868358,0.06530469,0.031835996,0.0717619,0.06967957,0.05664493,0.035348326,0.09731447,0.015093827,0.08080769,0.06660775,0.08103481,0.059454273,0.06711977,0.021178663,0.021178663,0.085257314,0.101126395,0.06578433,0.017907426,0.0056133056,0.008510095,0.035451718,0.061639085,0.039402734,0.0322144,0.017871296,0.0312269,0.1535592,0.15267253,0.1488576,0.16824071,0.036610376,0.05675941,0.023286738,0.013569239,0.055850826,0.25780836,0.059250977,0.035202578,0.01390903,0.026050404,0.01767461,0.024508605,0.022547694,0.0552319,0.19839118,0.25041452,0.030069763,0.045998026,0.028082935,0.02371011,0.083246425,0.04010443,0.0459303,0.06314632,0.09640888,0.02921849,0.020046473,0.058249246,0.12599319,0.031074105,0.044063568,0.07570353,0.02474542,0.064214736,0.12268351,0.042671856,0.06565025,0.06228819,0.059254926,0.05095409,0.062412582,0.0738264,0.12905318,0.09261733,0.1292356,0.15418802,0.18646263,0.04747885,0.105899915,0.88433343,1.1228412,0.8494839,0.727654,0.56506836,0.6667693,0.6671306,0.6773638,0.14203861,0.108773366,0.11305911,0.15674232,0.15668163,0.17657599,0.071184576,0.08530081,0.10558852,0.03347063,0.076762505,0.059969906,0.113947995,0.012036647,0.24498007,0.36404705,0.5169855,0.514602,0.81648266,0.116471425,0.2359916,0.07205863,0.19758008,0.05347282,0.042328387,0.027168987,0.035436526,0.068234384,0.09647117,0.10635599,0.061885282,0.06373006,0.15547875,0.09202472,0.117305,0.15927137,0.0974471,0.2630608,0.15974423,0.06075468,0.10807446,0.10878195,0.10966414,0.118891194,0.09430624,0.181246,0.24498655,0.18453304,0.18811724,0.34696487,1.1734756,0.91347134,0.90514886,0.9220688,1.0038644,0.99933016,1.0015682,1.0003027,0.99077684,0.98617417,0.99942744,0.973755,0.99614334,0.9313853,0.9161166,0.9387112,0.9415792,0.95883656,0.9859692,1.0045736,1.0069708,1.0023406,1.1325066,1.1700195,0.9826823,1.0146712,1.1405118,0.98397857,0.97719026,0.98380613,0.99408776,0.98670566,0.97976786,0.9765654,0.9788744,0.9786363,0.9800467,0.9806893,1.0021092,0.9836928,0.9968213,0.978907,0.9843075,0.9754088,1.1458758,0.9800758,0.9740037,0.98880446,0.99397975,0.9787627,0.98801494
11,0.22132182,0.04782831,0.01655879,0.05296822,0.0072860518,0.10389103,0.0050128084,0.021231197,0.09267247,0.033865098,0.050959975,0.0,0.035725847,0.022787238,0.02499256,0.026974779,0.015805202,0.1279549,0.0433253,0.047788214,0.06934453,0.006866155,0.0024254343,0.01088702,0.018511288,0.015049189,0.019124037,0.02216633,0.020388322,0.0072199227,0.015688619,0.04742101,0.06456746,0.032011826,0.016881807,0.031053562,0.10824969,0.017797446,0.04009378,0.04009378,0.035200913,0.051532052,0.017263275,0.05199109,0.04536904,0.047292557,0.017009808,0.1098724,0.013373253,0.018794773,0.05918093,0.02135459,0.10578437,0.105307,0.10252601,0.1233359,0.014349756,0.007467098,0.0317565,0.05526273,0.0055884877,0.30746838,0.106301196,0.08020114,0.05140075,0.025348019,0.035183974,0.027145056,0.028883914,0.0052406085,0.2493445,0.30090567,0.07868094,0.09552995,0.07485495,0.06951108,0.13420638,0.08989183,0.0944242,0.111094505,0.1451953,0.051605918,0.06907216,0.1076001,0.1725141,0.07876686,0.042403776,0.12567262,0.06713309,0.10630697,0.17338969,0.04274546,0.08178902,0.04862929,0.046620194,0.099209316,0.11336656,0.061236694,0.1096055,0.089437075,0.12956756,0.12944274,0.14857197,0.06871367,0.10613772,0.88372207,1.1604991,0.84799695,0.7221247,0.5516731,0.65804064,0.6584237,0.6695794,0.19263473,0.15847842,0.16332439,0.20714223,0.207599,0.22753128,0.122115456,0.13598853,0.15553974,0.08101338,0.12630919,0.11092216,0.16482677,0.05416703,0.242904,0.37526977,0.51357627,0.504102,0.8139453,0.16613087,0.28635344,0.122546695,0.24808519,0.104320094,0.091950566,0.059958838,0.08090674,0.11862525,0.14742905,0.1564514,0.10878433,0.075542904,0.20643832,0.12932168,0.1578642,0.20234661,0.13453744,0.30407268,0.21033041,0.0678391,0.14220557,0.14994393,0.1304704,0.14796235,0.14346471,0.22179723,0.28548664,0.2198909,0.23346463,0.39703032,1.2134082,0.92281544,0.911546,0.92623335,1.0045158,1.0005512,1.0029122,1.0020201,1.0175446,1.0121324,1.0005109,0.99718183,0.9985103,0.94712776,0.9290152,0.95384455,0.95527816,0.9651788,0.99144185,1.0069888,1.0077083,1.0029378,1.1712426,1.209767,1.012773,1.0440617,1.1788347,1.0075791,0.9877833,0.9917682,1.0192368,1.0101516,0.9892069,0.9874917,0.9886645,0.98854935,0.9893456,0.98970777,1.0047678,0.9916541,1.0225166,0.9886673,1.0071086,0.9947268,1.1843752,0.98938763,0.99226433,1.0127817,1.0191033,0.99967885,1.0117925
12,0.18840905,0.016254576,0.019167233,0.022583148,0.028753776,0.06934342,0.04058761,0.05648809,0.05912536,0.006401128,0.015406817,0.035725847,0.0,0.01304158,0.059604675,0.061605327,0.0511787,0.09518435,0.014312721,0.012665573,0.034713507,0.03571489,0.03333232,0.045392748,0.0532889,0.04991956,0.016657313,0.056355104,0.05427382,0.041257158,0.020048633,0.081910245,0.029944455,0.06542992,0.051203657,0.065628216,0.07440799,0.051713005,0.017759474,0.017759474,0.06985073,0.085733436,0.050385196,0.023710229,0.009984818,0.014435408,0.020065922,0.076426305,0.02493232,0.01693133,0.028243782,0.015916279,0.13839036,0.13755848,0.13388789,0.15354006,0.021416217,0.041367702,0.013416696,0.023549616,0.04050315,0.27310663,0.07363456,0.04846526,0.02096661,0.011793428,0.008590186,0.010776682,0.00882156,0.03987453,0.21371591,0.2658173,0.043506593,0.060143422,0.040285002,0.03514817,0.09854985,0.05439719,0.059432726,0.07644109,0.110260315,0.027319856,0.033651218,0.07232386,0.13880575,0.04392468,0.034964554,0.0901898,0.034018062,0.07455425,0.13809003,0.033899624,0.06503416,0.05197142,0.04894058,0.06434955,0.077687874,0.06453929,0.11960752,0.0867574,0.12528962,0.14372696,0.17318332,0.047644306,0.10144969,0.8819169,1.1327233,0.84679323,0.72371334,0.5587497,0.6618609,0.6622287,0.67273617,0.15744406,0.124040574,0.12842911,0.17213464,0.17204554,0.19184278,0.08640957,0.10070744,0.12009291,0.046263088,0.09099689,0.075240836,0.12910204,0.01985315,0.24132216,0.3648182,0.51351845,0.5090661,0.8134665,0.13173363,0.25138456,0.087447904,0.21298257,0.06887338,0.056518577,0.0308116,0.04701136,0.082989074,0.1117916,0.12094658,0.07460879,0.061405703,0.17078346,0.100601666,0.12748107,0.17067483,0.106002405,0.2738444,0.17466189,0.056548093,0.11554448,0.119157374,0.11211995,0.12452439,0.10835271,0.19168949,0.2555469,0.1929868,0.20053293,0.36159307,1.184162,0.9140902,0.90485924,0.92110413,1.0018629,0.9974987,0.9997743,0.9986209,0.9969621,0.99209267,0.9975546,0.9788455,0.9946563,0.9340069,0.9178407,0.941143,0.9435613,0.95854676,0.98542166,1.0031034,1.004996,1.0003225,1.142767,1.18064,0.98996687,1.0217283,1.150628,0.98912776,0.9782145,0.98402005,0.9997433,0.9918053,0.9804357,0.97769284,0.9796505,0.9794504,0.9806714,0.98122764,1.0007118,0.98390645,1.002656,0.9796739,0.98919773,0.97917724,1.1560543,0.9807045,0.97743475,0.9940771,0.99962693,0.98304385,0.9932225
13,0.19973789,0.025944363,0.006339111,0.031695165,0.015726196,0.081439555,0.027713606,0.043780245,0.07060934,0.011559852,0.028172975,0.022787238,0.01304158,0.0,0.047122277,0.049127836,0.038412407,0.10633896,0.022006052,0.025029453,0.046787422,0.022760449,0.020375218,0.032808058,0.040716913,0.037296474,0.0036649015,0.043975357,0.04195662,0.02867656,0.00728192,0.06955576,0.041994497,0.053354457,0.03873712,0.05318817,0.08610035,0.039356574,0.021091161,0.021091161,0.057401646,0.07349543,0.03820278,0.031512354,0.022582924,0.025014898,0.008993646,0.087901786,0.012256721,0.0041867886,0.03787449,0.0068669547,0.1268683,0.12616977,0.12282355,0.1429512,0.008437488,0.02881318,0.012507637,0.033565696,0.027758917,0.28518865,0.08467727,0.058859013,0.030050205,0.004021418,0.0134559,0.005773343,0.0067861276,0.02716216,0.22655879,0.2782967,0.056454115,0.073155835,0.053020436,0.047783792,0.111419365,0.06742755,0.07234351,0.089267135,0.12318431,0.034878008,0.046656933,0.085316926,0.15138987,0.05676644,0.035010222,0.10322333,0.046116397,0.0863528,0.15068743,0.034463387,0.07066596,0.049068,0.046223693,0.077226125,0.090582445,0.0622715,0.11603265,0.087346934,0.12699255,0.13881935,0.16469792,0.054623257,0.103037424,0.88371015,1.143585,0.8483616,0.7242366,0.557202,0.66154957,0.6619231,0.6726712,0.16997445,0.1361213,0.14077388,0.18455634,0.18482494,0.20474704,0.09934017,0.11328537,0.13312405,0.059078287,0.104002565,0.08813869,0.14207304,0.03235338,0.24259229,0.3695014,0.5145576,0.50826895,0.81476474,0.14379603,0.2637937,0.0999015,0.22546601,0.081561305,0.06953871,0.040985525,0.05951533,0.0960293,0.12464202,0.13398407,0.08728038,0.065870345,0.18365109,0.111364365,0.13892917,0.18262474,0.11671725,0.28538358,0.18769465,0.059681688,0.12559795,0.13073169,0.11900879,0.13341177,0.12131917,0.20313196,0.26698086,0.2033184,0.2129085,0.37462777,1.1954967,0.91837585,0.9084149,0.9241037,1.0039827,0.9997622,1.0020689,1.0010097,1.0054102,1.0003543,0.9997834,0.9865188,0.9972085,0.9398534,0.9229973,0.94684273,0.9489137,0.96209157,0.9887512,1.005668,1.0071377,1.0024284,1.1538545,1.1919367,0.9991712,1.0307752,1.1616296,0.9968419,0.98281014,0.9879678,1.007818,0.99948347,0.9847479,0.9823702,0.98404896,0.9838791,0.984949,0.98543614,1.0033376,0.98785394,1.0108571,0.98406506,0.9967249,0.98588175,1.1670928,0.98498523,0.9838872,1.0018792,1.0076957,0.9901273,1.0009781
14,0.24630842,0.072689354,0.04078397,0.07793691,0.032233533,0.12855566,0.020030359,0.0047254264,0.11754029,0.058530066,0.07500924,0.02499256,0.059604675,0.047122277,0.0,0.0020055578,0.009576298,0.15293072,0.06826669,0.07206179,0.093909696,0.028854847,0.027358152,0.014332128,0.0064822896,0.009946627,0.0434997,0.0034690714,0.0056420006,0.01844972,0.039840966,0.022472823,0.089116625,0.007982499,0.0084019685,0.006079587,0.13309243,0.007986907,0.06504972,0.06504972,0.01028067,0.026541503,0.009703984,0.07698219,0.06951004,0.07202231,0.03965728,0.13477683,0.038302112,0.042959765,0.084154904,0.04402245,0.080941014,0.08056146,0.078110725,0.09928786,0.03884136,0.018309208,0.056748714,0.080181114,0.019539997,0.33226877,0.13127105,0.10518616,0.076359436,0.050080393,0.060017716,0.051926658,0.053563327,0.020067591,0.2731703,0.32538027,0.101133265,0.11808096,0.0967833,0.091398954,0.15801291,0.112668365,0.11646158,0.1325608,0.16674559,0.06974013,0.09195974,0.12988588,0.19242863,0.100868195,0.054620765,0.14820528,0.08824665,0.12528294,0.197691,0.05560867,0.092395805,0.052041918,0.051384266,0.12103935,0.13713077,0.06157136,0.09957782,0.09011509,0.12870127,0.11542573,0.12727292,0.08311997,0.10686343,0.87620246,1.1729136,0.8401091,0.7125392,0.53886515,0.6471044,0.6474966,0.6590516,0.21702683,0.1832207,0.18789007,0.23165813,0.23159024,0.2511712,0.14575908,0.16030158,0.17788011,0.10298674,0.14852923,0.13468121,0.1882413,0.07652883,0.23741506,0.37492454,0.50546926,0.4927375,0.8056104,0.19088887,0.31090182,0.14698337,0.27254614,0.12847748,0.11460429,0.07936738,0.102143586,0.14155576,0.17127429,0.17891423,0.12977749,0.08518622,0.23020637,0.1454794,0.1748338,0.22001678,0.15044145,0.3198348,0.2331712,0.0767312,0.15654238,0.16735914,0.1392766,0.15981017,0.16527809,0.23789398,0.30105934,0.23327996,0.25221318,0.419006,1.2272341,0.9200503,0.90734786,0.9209383,0.99746877,0.9937772,0.9961942,0.9954802,1.0237378,1.0178866,0.99367183,1.0015792,0.99228245,0.9475523,0.92801625,0.9539513,0.9546554,0.96089715,0.9867126,1.000776,1.000699,0.99586654,1.1843244,1.2234756,1.0208199,1.0516913,1.1916543,1.0120606,0.9855707,0.9882521,1.0245448,1.0145482,0.98642063,0.9854453,0.9860526,0.98599833,0.98649,0.98671335,0.99867326,0.9881377,1.028119,0.9860406,1.0111625,0.9969526,1.1973028,0.98653835,0.9939419,1.0174614,1.0243975,1.0027391,1.0163658
15,0.24829505,0.07468936,0.042789526,0.07992778,0.034223113,0.13056105,0.022002932,0.0063427184,0.11954103,0.060534384,0.07701039,0.026974779,0.061605327,0.049127836,0.0020055578,0.0,0.011460192,0.15492077,0.07026096,0.07406607,0.09591526,0.030732915,0.029345885,0.016336143,0.008472106,0.011936115,0.04550511,0.005363863,0.007536247,0.020455034,0.04184652,0.020472983,0.09112218,0.0066186846,0.010404879,0.004081668,0.13509445,0.009955477,0.06701603,0.06701603,0.008275503,0.024557471,0.011601327,0.07896037,0.071513005,0.074026205,0.04165002,0.1367756,0.040269352,0.04496523,0.08614484,0.046010688,0.07901764,0.07866005,0.07627224,0.09750115,0.040845543,0.020314757,0.05873112,0.0821779,0.021535868,0.3342728,0.13326232,0.107173204,0.07835186,0.0520829,0.062018182,0.05392815,0.055567123,0.022067506,0.27515805,0.32738444,0.1030832,0.12003047,0.09871461,0.09333101,0.16000289,0.114627555,0.11839075,0.13446064,0.16864218,0.071536444,0.09392765,0.13182227,0.19423668,0.102804765,0.05618531,0.15014896,0.09014957,0.12706313,0.19969276,0.057200845,0.09373561,0.05310101,0.052538916,0.122958474,0.1391205,0.062337056,0.09931434,0.090775676,0.12915581,0.11475435,0.12582496,0.08470273,0.10748287,0.87593806,1.1741878,0.8398151,0.71210665,0.53816265,0.64655894,0.6469519,0.6585408,0.2190301,0.18522553,0.18989545,0.23366302,0.23358382,0.25315282,0.14774461,0.16230401,0.17981188,0.10491748,0.15045948,0.13667095,0.19021669,0.07848513,0.23740014,0.3752852,0.50517666,0.492166,0.80528,0.19289349,0.31290686,0.14898778,0.27455023,0.13047759,0.11655848,0.08120551,0.10404403,0.14351633,0.17326492,0.18085133,0.13165617,0.0864838,0.2321929,0.14709102,0.17647924,0.2216907,0.15203512,0.32137263,0.23512116,0.07800789,0.15803702,0.16903363,0.14042568,0.16114385,0.16718735,0.23946747,0.3025876,0.23468047,0.2539452,0.4209081,1.228607,0.9201754,0.90735704,0.9208572,0.9972403,0.9935716,0.9959932,0.995294,1.024559,1.0186747,0.9934608,1.0022645,0.99212223,0.9479309,0.9282826,0.95430464,0.9549509,0.9608979,0.986676,1.0006169,1.0004737,0.9956361,1.1856456,1.2248404,1.0217797,1.0526193,1.192957,1.0127523,0.98573834,0.9883144,1.025299,1.0152332,0.98654205,0.9856263,0.986188,0.98613876,0.9866058,0.9868179,0.99852395,0.98819995,1.0288954,0.9861749,1.0118214,0.99747074,1.1986132,0.9866547,0.9944175,1.0181681,1.0251507,1.0033216,1.0170643
