,0,1,2,3,4,5,6,7,8,9,10,11,12,13,14,15,16,17,18,19,20,21,22,23,24,25,26,27,28,29,30,31,32,33,34,35,36,37,38,39,40,41,42,43,44,45,46,47,48,49,50,51,52,53,54,55,56,57,58,59,60,61,62,63,64,65,66,67,68,69,70,71,72,73,74,75,76,77,78,79,80,81,82,83,84,85,86,87,88,89,90,91,92,93,94,95,96,97,98,99,100,101,102,103,104,105,106,107,108,109,110,111,112,113,114,115,116,117,118,119,120,121,122,123,124,125,126,127,128,129,130,131,132,133,134,135,136,137,138,139,140,141,142,143,144,145,146,147,148,149,150,151,152,153,154,155,156,157,158,159,160,161,162,163,164,165,166,167,168,169,170,171,172,173,174,175,176,177
0,0.0,0.44471177,0.27517328,0.22566624,0.4645635,0.01587963,0.3348115,0.236658,0.35589072,0.23768032,0.02056415,0.4242159,0.33007497,0.031149777,0.05916077,0.099651515,0.16089469,0.2281215,0.12301327,0.26190785,0.046212737,0.2067458,0.26246256,0.35798654,0.17479953,0.61866355,0.24356394,0.47935143,0.22861412,0.3518602,0.31041378,0.13182999,0.24280338,0.23205768,0.31426635,0.113490485,0.32386547,0.46163023,0.51494795,0.10499407,0.15230817,0.4078434,0.18201119,0.45560652,0.20130801,0.15923244,0.0095870625,0.2023536,0.06235445,0.050626144,0.3158173,0.16587768,0.1477535,0.030456431,0.351707,0.101042196,0.08540501,0.06289417,0.026963715,1.0927244,1.0807859,1.0853463,1.0025609,0.47823924,1.0395933,0.7188266,0.41249242,0.98167205,1.0445124,0.8618494,1.0843573,0.49199283,1.0360167,0.5030688,0.4769506,1.084508,1.0287393,1.0713362,0.8898419,0.80743766,0.9961012,0.64501274,1.00043,0.9994957,0.84475255,0.9337452,1.0261008,0.9670289,1.0057153,0.9967305,1.0580404,1.0397416,1.060797,0.83733183,0.8953657,0.40574265,1.0564656,0.8922038,0.25464803,0.63478005,0.90450823,1.0699773,0.89745694,1.0607288,0.87905616,0.9872795,1.0130123,1.0464011,0.99586296,0.4852248,0.63201064,1.0082254,0.96298,1.0005581,0.9575859,0.95962787,1.0432804,0.99941146,1.089953,1.0046042,0.64678675,0.6526677,1.0015281,0.7437347,0.5275444,0.92692393,0.88645846,1.054338,0.96567583,1.0038338,1.0891818,1.0903496,1.0912584,1.0863013,1.081767,1.0811847,1.0825076,0.9930357,1.080854,1.012388,1.0685608,1.0770973,1.0653584,1.046993,1.0727812,1.0818946,1.0962499,1.0676845,1.0589998,1.070144,1.0585821,1.0723882,1.0126104,1.0279672,1.0849202,1.0217631,1.0496668,0.99055517,0.92927665,0.9475701,1.0468268,1.0582767,1.0360104,1.0853813,1.0805538,1.0739856,1.0009817,1.0803195,1.0191333,0.9923193,1.0938562,1.0918914,1.0600048,1.0462298,1.0368065,1.0537398,1.0475129,0.982331
1,0.44471177,0.0,0.7178723,0.67003274,0.79608005,0.42960137,0.11541854,0.20812571,0.090949945,0.20788346,0.42536312,0.035546314,0.11505838,0.47583663,0.5038391,0.34546214,0.6016554,0.65908986,0.5676318,0.18374974,0.4012337,0.4039138,0.18239488,0.15214342,0.33400476,0.9769314,0.2022238,0.15087,0.6651602,0.09293008,0.75192326,0.3131396,0.3014679,0.66346335,0.2309522,0.40195188,0.25438005,0.27345762,0.2392353,0.33974344,0.588511,0.1974602,0.26455665,0.42626676,0.27992603,0.2930908,0.45422894,0.24254681,0.46594188,0.49448338,0.13249603,0.27958074,0.5921989,0.4699716,0.09637625,0.5339816,0.35978475,0.38421056,0.41789415,0.93902534,0.9381115,0.9411017,0.84560037,0.5501073,0.9353403,0.7335911,0.2269704,0.83292675,0.9053212,0.6995722,0.93704027,0.7670845,0.907447,0.9217522,0.40984043,0.93583643,0.87313783,0.93485296,0.759944,1.0342519,0.8795727,0.50326,0.93093836,0.9704528,0.75044084,0.8000325,0.9433775,0.9900496,0.9317819,0.91484886,0.9359897,0.945017,0.9419491,0.75690025,0.79264045,0.69893014,0.92626613,0.755323,0.46892172,0.89652544,0.74606377,0.91834176,0.8642974,0.9312826,0.7463203,0.9882687,0.88140184,0.9393496,0.90667397,0.7328677,0.8586082,0.89813167,0.993318,0.95279145,0.94886005,1.0660962,0.90946555,0.93032306,0.9397468,0.8850658,0.7629723,1.0242819,1.180713,0.8252738,0.8279159,0.8895853,0.94980717,1.2480646,1.0016402,0.93393767,0.9378072,0.94124126,0.9446429,0.9392503,0.94163465,0.9425879,0.94454306,1.0098996,0.94084305,0.95991474,0.9399146,0.9262557,0.94279444,0.92540205,0.92439497,0.9378738,0.94531,0.9404635,0.9369439,0.9401164,0.9393063,0.9400688,0.9619047,0.93930596,0.94388646,0.9540616,0.9337718,1.0104136,1.155384,1.0530202,0.946087,0.9294343,0.9494958,0.93800473,0.93895394,0.9429054,0.94734937,0.93635845,0.93663067,0.9414311,0.94469243,0.9447562,0.9234634,0.9295111,0.93684393,0.9265991,0.9328841,1.0055163
2,0.27517328,0.7178723,0.0,0.05394442,0.35178557,0.2908773,0.60968965,0.5106367,0.6302128,0.51226497,0.2954153,0.69532514,0.60401464,0.24469028,0.21736056,0.3728413,0.1163923,0.08307238,0.15349685,0.53416723,0.31685328,0.38722578,0.5364554,0.6161658,0.40979555,0.4376679,0.5156915,0.73505396,0.06402361,0.62496865,0.036561318,0.4065447,0.47217953,0.079442896,0.5568772,0.33203107,0.557406,0.68698794,0.75418705,0.3794796,0.13186555,0.6523686,0.4570788,0.62288475,0.4543142,0.42621008,0.26559123,0.47665873,0.25516883,0.22459725,0.5906091,0.44073027,0.12855627,0.24821751,0.6232213,0.18541837,0.35856104,0.3337845,0.3021025,1.22603,1.2092052,1.2142699,1.143826,0.58443546,1.1508147,0.80121416,0.64939713,1.120454,1.1736822,1.0176291,1.2149334,0.4334426,1.1603234,0.2563443,0.6546137,1.2157718,1.1673975,1.1971959,1.027325,0.72686195,1.1172811,0.81846154,1.0960162,1.0723002,0.96906185,1.0690413,1.1267718,1.0119004,1.103288,1.0994222,1.177305,1.1458318,1.1781706,0.9553273,1.0185822,0.36216125,1.1801121,1.0329018,0.3815625,0.55184776,1.0545281,1.2037394,0.9828911,1.1836748,1.0189961,1.0435343,1.1406485,1.158591,1.1025813,0.45596558,0.581296,1.1250422,1.0037427,1.0839888,1.022541,0.95115817,1.1697663,1.0948644,1.2216454,1.1266598,0.6784889,0.451782,0.93707883,0.7804845,0.4314689,1.0115646,0.91483825,0.97455364,1.0026597,1.0993463,1.2215258,1.2214504,1.2210131,1.2166104,1.2088021,1.2074622,1.2083657,1.0391237,1.2078886,1.0974312,1.1905279,1.2099719,1.1843605,1.166833,1.2046885,1.2109354,1.2279074,1.1889671,1.1781967,1.1927217,1.1763444,1.1960053,1.0966356,1.1317179,1.2122089,1.114524,1.1663057,1.0350469,0.8354626,0.9410612,1.1556045,1.1810842,1.1379437,1.2159197,1.2084327,1.1968429,1.0876846,1.2094359,1.1202605,1.0782567,1.2247548,1.2218726,1.1866932,1.1635627,1.1459483,1.1759883,1.1636443,1.0255775
3,0.22566624,0.67003274,0.05394442,0.0,0.378475,0.24112354,0.56044054,0.4621737,0.5815327,0.4633407,0.24554814,0.6485445,0.5556217,0.19473195,0.16693579,0.32457063,0.07426875,0.08130383,0.1027303,0.48666507,0.26890013,0.3565001,0.48799714,0.5735623,0.37021554,0.48008245,0.4682219,0.6935593,0.059287615,0.5771128,0.09043462,0.35748634,0.4348274,0.080128066,0.51775026,0.29260424,0.5202787,0.6527327,0.71706027,0.33057582,0.0942357,0.6134471,0.40758818,0.60007405,0.41188455,0.38019064,0.21609388,0.42795056,0.21250738,0.17555848,0.5414707,0.3915414,0.07791315,0.20022342,0.5761793,0.14312471,0.31024805,0.28597987,0.25261682,1.2143735,1.1985035,1.2034825,1.1301932,0.573003,1.143413,0.7973334,0.61226285,1.1072432,1.1626881,1.0003864,1.2038051,0.45119664,1.1502805,0.30841994,0.63011575,1.2045035,1.1544038,1.1869789,1.0139498,0.7536444,1.1076962,0.7963227,1.0915253,1.0722302,0.9580681,1.0563241,1.1214025,1.0169735,1.098433,1.0935166,1.1683687,1.1394515,1.1696259,0.9455325,1.0080937,0.3742491,1.1702855,1.0188882,0.36019722,0.5770026,1.0386727,1.1919063,0.97980565,1.1740066,1.0050691,1.0465664,1.1298366,1.1510252,1.0958761,0.46834686,0.60061127,1.1163856,1.009566,1.0818697,1.0237458,0.9661039,1.1593121,1.0903947,1.2103093,1.1169367,0.6831409,0.49791953,0.96239066,0.7853451,0.45690995,1.0088098,0.922474,1.0028552,1.0092099,1.0948864,1.2100536,1.2102368,1.2100778,1.2055439,1.1983858,1.1971979,1.1981915,1.044117,1.197469,1.0950578,1.1810884,1.1983469,1.1755065,1.157736,1.1932454,1.2001113,1.2166011,1.1796625,1.169278,1.1831651,1.1677126,1.1862471,1.0944614,1.1257488,1.2017529,1.1106896,1.1578629,1.040328,0.86551094,0.9555692,1.1487207,1.1714342,1.1323701,1.2048029,1.1978402,1.1872445,1.0849315,1.1985905,1.1147691,1.0756087,1.2135953,1.2108933,1.1762642,1.1549664,1.1389487,1.1664332,1.1552944,1.0310467
4,0.4645635,0.79608005,0.35178557,0.378475,0.0,0.47679994,0.71903145,0.6261838,0.7295237,0.6329152,0.4808363,0.76356286,0.70340914,0.4498831,0.43785265,0.51839423,0.36375886,0.30110466,0.40725657,0.63454664,0.47741073,0.39262852,0.6473107,0.6522295,0.4697026,0.1832155,0.6191622,0.7433433,0.32070622,0.71493715,0.34023008,0.5511877,0.49477053,0.3008731,0.57283115,0.42195517,0.5564501,0.63835967,0.7203617,0.5295361,0.351973,0.6487584,0.5951634,0.49914718,0.52364856,0.5353258,0.45856532,0.60163337,0.40499818,0.43140635,0.7012095,0.5788083,0.3957707,0.43663713,0.7039999,0.3772931,0.5087447,0.48717052,0.48162556,0.9810273,0.9597155,0.96506834,0.91250056,0.3921109,0.88649213,0.536106,0.63079685,0.8877098,0.92689335,0.8135555,0.96749437,0.10640537,0.90901434,0.25990537,0.53697383,0.9690421,0.93161964,0.9455723,0.7997903,0.37550613,0.8651271,0.66185814,0.81955063,0.77710545,0.73122317,0.8357646,0.8534428,0.69836473,0.8282862,0.8295228,0.9197741,0.876714,0.91864645,0.7116587,0.77539986,0.10653235,0.9270267,0.8087489,0.32836354,0.20010833,0.8400668,0.9603942,0.7039464,0.92966044,0.7950702,0.736764,0.89406765,0.89482903,0.83644515,0.15214173,0.23678619,0.86784357,0.6877473,0.7971963,0.723509,0.61023766,0.9202769,0.8183376,0.9750875,0.8748777,0.38132644,0.23632938,0.5853277,0.47574222,0.07990705,0.72999406,0.59472984,0.6243887,0.68419623,0.8226309,0.97569,0.9742548,0.9723728,0.968795,0.957843,0.95576006,0.9561705,0.7252666,0.95697516,0.8113609,0.93512887,0.9653146,0.9261938,0.910453,0.9592386,0.9620297,0.98099726,0.93293226,0.9205496,0.9378509,0.91731346,0.9420611,0.80971694,0.86107415,0.9613498,0.834476,0.9066461,0.7202642,0.48747748,0.601184,0.8886096,0.92705977,0.8652343,0.9683893,0.95839924,0.9420555,0.8035797,0.960689,0.8477097,0.7939712,0.97717243,0.9734352,0.9365079,0.9047605,0.87981623,0.92164403,0.9036057,0.71033907
5,0.01587963,0.42960137,0.2908773,0.24112354,0.47679994,0.0,0.31931752,0.22148862,0.34056,0.22232552,0.004717102,0.40947434,0.3148504,0.046393335,0.07430847,0.08515144,0.17675762,0.24389248,0.13840848,0.24711874,0.03472616,0.20533548,0.24726695,0.34520102,0.16715345,0.63251835,0.22883287,0.4665794,0.24449003,0.33680633,0.3261852,0.11653055,0.23463461,0.24784458,0.3036849,0.11141511,0.3143143,0.45217207,0.5038923,0.08987982,0.16814022,0.39655796,0.16646765,0.4515125,0.1902676,0.14599486,0.025364617,0.18712085,0.07239295,0.06642882,0.30035922,0.15046698,0.16322953,0.045852818,0.33695632,0.11655566,0.07106462,0.05019373,0.011873165,1.0889742,1.0773878,1.0819067,0.99841326,0.47868556,1.0374213,0.7194397,0.40204027,0.9777367,1.0411249,0.8569524,1.0808067,0.501805,1.0329748,0.51874256,0.47182217,1.0809104,1.0247267,1.0681275,0.88619184,0.81674445,0.99334645,0.6394034,0.9993601,0.99987715,0.8421346,0.93015003,1.0246482,0.9691917,1.0045055,0.9952052,1.0552988,1.037908,1.0581771,0.83516824,0.892693,0.41571668,1.053432,0.8883214,0.2569894,0.64482075,0.8999339,1.0662326,0.897284,1.0577351,0.87525815,0.9887085,1.0097865,1.0441524,0.9940745,0.49371177,0.64056975,1.0057405,0.9653972,1.000268,0.95855075,0.96486026,1.0400777,0.99835235,1.0863173,1.0017736,0.6508652,0.6670604,1.0095901,0.7470707,0.5387142,0.9267263,0.8898038,1.0630566,0.96831024,1.0027616,1.0855029,1.0867536,1.0877528,1.0827659,1.0784612,1.0779314,1.0792804,0.99506533,1.0775499,1.0119702,1.0656196,1.0734016,1.0626217,1.0442325,1.0691588,1.0784527,1.0926068,1.0647907,1.0562611,1.0671589,1.0559402,1.0693291,1.0122569,1.0263096,1.0815921,1.0208318,1.0471158,0.99268585,0.9389013,0.9527242,1.044803,1.0552965,1.0344561,1.0818317,1.077193,1.0709751,1.0004821,1.076875,1.0176648,0.9918871,1.0902685,1.0883693,1.0567592,1.0436388,1.0347773,1.0508053,1.0449997,0.9845548
6,0.3348115,0.11541854,0.60968965,0.56044054,0.71903145,0.31931752,0.0,0.1003705,0.025629045,0.09759181,0.3149074,0.107445404,0.022354223,0.36571035,0.39356583,0.23720993,0.4941829,0.5552658,0.45772368,0.084736474,0.29320177,0.32909554,0.07527134,0.14150871,0.249333,0.89604706,0.10136305,0.21816957,0.5595846,0.0386395,0.6444857,0.2031463,0.23711695,0.55954415,0.19494385,0.30698797,0.22304313,0.29905182,0.29615405,0.23021404,0.48251656,0.21387993,0.15286928,0.41860396,0.19557041,0.1923102,0.34439418,0.13336092,0.36225316,0.3852058,0.019244786,0.16897705,0.48253998,0.36155537,0.055860713,0.42816222,0.25138846,0.27652362,0.30784914,0.9902559,0.9863954,0.9898548,0.89597154,0.5252754,0.97333884,0.73406464,0.24040762,0.8808047,0.95208395,0.7478191,0.9865407,0.70274293,0.9514071,0.82346874,0.41215283,0.9856764,0.9236904,0.9814319,0.8008835,0.987899,0.9197405,0.53712386,0.9595833,0.98916775,0.7812788,0.8430572,0.9757961,0.9954504,0.9616276,0.9464661,0.9787443,0.9806619,0.9839596,0.78411424,0.82699764,0.62810105,0.9710151,0.79806644,0.4002468,0.8387364,0.7945331,0.96866685,0.8817105,0.97592235,0.78766656,0.9994209,0.92566466,0.97817,0.94007444,0.67395467,0.80865055,0.9369562,0.996867,0.97610784,0.96175593,1.0512167,0.9548677,0.9588478,0.99006134,0.92615753,0.73785317,0.9402986,1.1488299,0.8112293,0.7591008,0.9087368,0.94379234,1.2132646,1.0038835,0.96275187,0.9883995,0.99128944,0.9940864,0.9887178,0.9893035,0.98986506,0.9916859,1.0173082,0.98846596,0.9846227,0.984497,0.97650784,0.9858095,0.96783763,0.9739604,0.9865118,0.995913,0.9846763,0.9797174,0.98507017,0.9813824,0.9856317,0.9861836,0.97322613,0.99183387,0.9826956,0.9748446,1.0170472,1.1110235,1.0381693,0.9833534,0.9738794,0.9830419,0.9875375,0.9869667,0.9881888,0.9721119,0.98495436,0.9688574,0.965343,0.9948135,0.99433964,0.96985334,0.97072375,0.97372764,0.97053814,0.97360265,1.0111825
7,0.236658,0.20812571,0.5106367,0.4621737,0.6261838,0.22148862,0.1003705,0.0,0.119600855,0.009770382,0.21723945,0.18942453,0.093449466,0.2677611,0.29575315,0.13779713,0.39475074,0.45499524,0.35964146,0.030881807,0.19379091,0.24306965,0.025828557,0.15473711,0.15923183,0.80081964,0.020446101,0.26759422,0.45960584,0.11545612,0.5451239,0.105016485,0.16721715,0.4592856,0.16311914,0.20871583,0.1890619,0.30396864,0.32743838,0.13166451,0.38259298,0.22538635,0.05796304,0.38421434,0.110251956,0.093076006,0.24619408,0.03446142,0.2618995,0.2866299,0.08113031,0.0717174,0.38428643,0.26243922,0.11738394,0.3281537,0.15208842,0.1769207,0.20980175,0.9930213,0.9864361,0.9902971,0.8990293,0.47166348,0.9640777,0.6959994,0.24386624,0.88173616,0.9510904,0.75120103,0.9877181,0.61710805,0.94783163,0.7232507,0.3868085,0.9871818,0.92657113,0.9799386,0.7966387,0.9116646,0.91308093,0.5331194,0.9421435,0.96279323,0.76831657,0.84005046,0.96150744,0.9578579,0.9452218,0.9318044,0.97375196,0.96920013,0.9782284,0.76790935,0.81640506,0.53923,0.96794295,0.79551035,0.31640932,0.75612015,0.79730046,0.9708127,0.8555162,0.972695,0.784014,0.9665511,0.9226758,0.9695985,0.92707455,0.5920175,0.73131657,0.9288661,0.9577441,0.9538323,0.9307498,0.9970355,0.9525818,0.94131094,0.991966,0.92025894,0.67927676,0.8437305,1.0815263,0.76019436,0.67043513,0.88367504,0.8975075,1.1436136,0.9636277,0.9454245,0.990583,0.99293065,0.99513054,0.9898412,0.9887393,0.9889299,0.9906065,0.98115206,0.9878678,0.96346045,0.9811228,0.9784992,0.9809788,0.96267456,0.9753349,0.98688215,0.9980276,0.9809594,0.97473156,0.9820324,0.9757395,0.9831511,0.9646316,0.9603036,0.9915024,0.9649855,0.9683573,0.98025477,1.0354394,0.9841139,0.9733202,0.970495,0.96967643,0.98873466,0.9867481,0.98542196,0.95113546,0.985302,0.9544765,0.94370425,0.9964862,0.99551237,0.96831214,0.9644102,0.9634565,0.96672493,0.96680635,0.9736518
8,0.35589072,0.090949945,0.6302128,0.5815327,0.7295237,0.34056,0.025629045,0.119600855,0.0,0.11823722,0.336227,0.08185083,0.027042387,0.38692313,0.41486838,0.25737485,0.5143515,0.57406956,0.47890276,0.09917198,0.31338271,0.33782494,0.093814924,0.12914594,0.26061693,0.90781677,0.117102616,0.19533579,0.57905126,0.021203093,0.66472477,0.22406185,0.24186243,0.5783866,0.19093703,0.32214242,0.21849614,0.283547,0.2755137,0.25096285,0.5020856,0.19864142,0.17456725,0.41081768,0.20618676,0.2090695,0.36545295,0.15360725,0.38077188,0.40605178,0.041547127,0.19011815,0.50362307,0.3820001,0.04020471,0.4476086,0.2716518,0.29652154,0.32896605,0.9724037,0.9690591,0.9724383,0.8781825,0.5218957,0.95785725,0.72567874,0.22630043,0.86343735,0.93498707,0.7302159,0.96898925,0.7097032,0.93481255,0.8405158,0.40219763,0.9680644,0.9058972,0.96439487,0.78465813,0.9906152,0.9038034,0.52160734,0.9458548,0.9774177,0.7668952,0.8265114,0.9613638,0.98642606,0.9476708,0.9321549,0.96239436,0.9656263,0.96775,0.77042586,0.81202143,0.63669926,0.954297,0.78151137,0.4075568,0.8441701,0.7769575,0.95095485,0.87008995,0.95922846,0.7713485,0.98921144,0.9089897,0.9625409,0.9254185,0.6794226,0.81204534,0.9212847,0.9882321,0.96343285,0.9511479,1.0466267,0.9380169,0.9451416,0.97236955,0.9100583,0.7351374,0.9529974,1.1482147,0.806139,0.7673551,0.8968053,0.93713415,1.2133856,0.99553114,0.9489942,0.9706575,0.9736455,0.9765514,0.97117406,0.972079,0.9727108,0.9745572,1.0078899,0.97124887,0.9716843,0.9678213,0.9588155,0.96941876,0.9515354,0.9563866,0.9691128,0.97817546,0.96806747,0.9633649,0.968328,0.96515846,0.96878046,0.9733307,0.9585072,0.974562,0.9689937,0.9587978,1.0077895,1.1133629,1.0335596,0.96801764,0.9572187,0.96840346,0.9699812,0.969679,0.9713901,0.9591494,0.9675615,0.95445436,0.9525394,0.97715974,0.9767802,0.9528396,0.9546474,0.9584537,0.9539657,0.9576196,1.0021201
9,0.23768032,0.20788346,0.51226497,0.4633407,0.6329152,0.22232552,0.09759181,0.009770382,0.11823722,0.0,0.21798979,0.19068776,0.092832536,0.26869467,0.2966335,0.13962722,0.3966372,0.4578483,0.36068583,0.03704947,0.1956328,0.2512168,0.026406229,0.16167806,0.1670836,0.8069698,0.029719776,0.27281243,0.4620054,0.11583557,0.5469674,0.105854586,0.17672876,0.4621115,0.17249076,0.21426149,0.19858393,0.31233624,0.33430365,0.13282543,0.38493168,0.23308627,0.05671664,0.3939312,0.11902942,0.09855461,0.24724835,0.03578242,0.26507872,0.28791916,0.07841441,0.07188531,0.38542783,0.26407024,0.11932953,0.3305965,0.15382476,0.17893313,0.21074484,1.0019759,0.9954919,0.99933887,0.9079524,0.48133957,0.97343093,0.70576906,0.25210726,0.89073724,0.9601769,0.76006866,0.9967322,0.62493956,0.95700675,0.72705925,0.3963813,0.9961834,0.93550754,0.98904806,0.8058038,0.9202872,0.922349,0.54217064,0.9516953,0.97249466,0.77773625,0.849184,0.9709912,0.9676283,0.95475185,0.9412933,0.9829779,0.97861415,0.98747844,0.777409,0.82577044,0.54667395,0.97710466,0.80461687,0.32467225,0.7642324,0.8062078,0.9797869,0.8652081,0.9818628,0.7931555,0.9763092,0.93182635,0.97893286,0.9365223,0.6002544,0.73989844,0.93818,0.967513,0.9634751,0.94049495,1.0066262,0.96171397,0.95086473,1.0009534,0.9295045,0.6887957,0.8495022,1.0906564,0.76986754,0.6778515,0.893354,0.9072344,1.1526173,0.97339374,0.95497435,0.9995595,1.0019282,1.0041509,0.99885774,0.9978174,0.99802125,0.9997032,0.9909215,0.99694693,0.9730854,0.99029696,0.98748076,0.9902007,0.9719041,0.98433924,0.99592596,1.0070082,0.99014497,0.98395747,0.99119544,0.9849864,0.9922954,0.97426337,0.9697539,1.0005726,0.9745454,0.9776293,0.99002486,1.0440886,0.99370843,0.9826963,0.9796677,0.97913885,0.99774814,0.99581337,0.9945764,0.9607561,0.9943463,0.96396154,0.9533356,1.0054833,1.004528,0.9774212,0.9736762,0.9728378,0.97591126,0.97608757,0.9834222
10,0.02056415,0.42536312,0.2954153,0.24554814,0.4808363,0.004717102,0.3149074,0.21723945,0.336227,0.21798979,0.0,0.40539214,0.31056738,0.050827343,0.07866627,0.08127514,0.18140239,0.24860859,0.14282139,0.24303216,0.032606777,0.2057823,0.24300268,0.34187132,0.16569722,0.6369177,0.22477393,0.46323866,0.24917762,0.33259732,0.3307602,0.112245396,0.23293652,0.2525597,0.3011413,0.11185916,0.31211615,0.44997093,0.5011471,0.08570462,0.17284901,0.39374927,0.16204387,0.45101947,0.18762363,0.1425746,0.029999582,0.18284792,0.07616255,0.07103984,0.29596764,0.146115,0.16767053,0.050560407,0.33287546,0.12126283,0.06729188,0.047279958,0.008477677,1.0885255,1.0770468,1.0815527,0.997847,0.479546,1.0374522,0.72031564,0.39951545,0.9772364,1.0407885,0.8561634,1.0804192,0.5052401,1.0327437,0.52345824,0.4710049,1.0805085,1.0242006,1.0678443,0.88578355,0.8200285,0.99320394,0.63841116,0.99972177,1.0006669,0.842042,0.9297559,1.0248948,0.97049975,1.0048254,0.9954316,1.0551575,1.0380403,1.0580723,0.8352129,0.8925807,0.41920325,1.0532024,0.8878421,0.25847867,0.64830315,0.89924175,1.0657864,0.8979164,1.0575174,0.8748054,0.98980385,1.0095006,1.0441599,0.9942224,0.49680448,0.64366734,1.0056788,0.9667785,1.0008602,0.9595127,0.96703696,1.0397974,0.9987173,1.0859036,1.0016078,0.65274024,0.67157197,1.0125378,0.7487276,0.54248774,0.9273497,0.8914539,1.0661777,0.9697537,1.0031224,1.085076,1.086352,1.0873785,1.0823828,1.0781481,1.0776341,1.0789909,0.99633384,1.0772372,1.0125244,1.0654174,1.0729702,1.0624814,1.0440859,1.0687498,1.0780983,1.0921905,1.064603,1.0561205,1.0669435,1.0558287,1.0690913,1.01283,1.0264951,1.081272,1.0212337,1.0470324,0.99398357,0.9422639,0.95487976,1.044878,1.055083,1.034672,1.0814443,1.0768632,1.0707518,1.0010126,1.0765198,1.017907,0.99243796,1.0898693,1.08799,1.0564653,1.0435433,1.0348511,1.0506059,1.0449277,0.98587966
11,0.4242159,0.035546314,0.69532514,0.6485445,0.76356286,0.40947434,0.107445404,0.18942453,0.08185083,0.19068776,0.40539214,0.0,0.10030631,0.45535627,0.48335162,0.32457423,0.5789418,0.6342871,0.5466433,0.16235997,0.37975293,0.3720663,0.16440788,0.11686549,0.30469066,0.94489175,0.18065563,0.12624343,0.6412163,0.075657,0.72885,0.29374346,0.268798,0.6386951,0.1961441,0.37483317,0.21914536,0.24112579,0.21316329,0.31973988,0.5649955,0.16310117,0.24712911,0.39132613,0.251257,0.2692133,0.433636,0.22373976,0.44176024,0.4733077,0.12128511,0.26106834,0.57095385,0.44833344,0.07251802,0.5105576,0.3388537,0.3626458,0.39765653,0.9142292,0.9125746,0.9156836,0.8204714,0.5146269,0.9074616,0.69976634,0.19267653,0.8071604,0.8793776,0.6736768,0.9118036,0.7329435,0.88084733,0.89423287,0.3755859,0.9106836,0.8480908,0.90889907,0.73246217,0.99883974,0.85209244,0.47370845,0.9012313,0.93913555,0.7209029,0.7730776,0.91438615,0.9569716,0.9022945,0.8856743,0.9091477,0.91666365,0.9149465,0.72672033,0.7638406,0.66562617,0.89987063,0.7282341,0.4358434,0.8617276,0.7203081,0.8932916,0.8326832,0.9048673,0.71890503,0.95589733,0.8548407,0.91164887,0.87783307,0.6982648,0.8233727,0.87038547,0.96003324,0.9221864,0.9166892,1.0312567,0.8832036,0.90059364,0.9147179,0.8577941,0.7275628,0.99279994,1.1452171,0.7903807,0.7942111,0.85825765,0.91556495,1.2125336,0.9682189,0.9042643,0.9128467,0.91614676,0.91940033,0.91400784,0.91595125,0.9168105,0.9187354,0.9770725,0.91514754,0.9295487,0.9134955,0.90119606,0.9160188,0.89847636,0.89916044,0.91242373,0.92036045,0.91395944,0.9101072,0.913784,0.9123155,0.91387933,0.93146825,0.9106024,0.9182734,0.92437595,0.9065523,0.9774939,1.119907,1.0181781,0.91806704,0.9029718,0.9207294,0.91277725,0.9133515,0.9166533,0.91698045,0.9108963,0.9075955,0.91091377,0.9196201,0.9195488,0.8974516,0.9023177,0.908735,0.9000166,0.9055859,0.9724796
12,0.33007497,0.11505838,0.60401464,0.5556217,0.70340914,0.3148504,0.022354223,0.093449466,0.027042387,0.092832536,0.31056738,0.10030631,0.0,0.36116078,0.38914096,0.23120588,0.48803216,0.54731804,0.45307323,0.07213313,0.28716317,0.31220075,0.06762453,0.11970562,0.23414661,0.8813635,0.090113714,0.20233145,0.5524742,0.024892299,0.638402,0.19832371,0.21792382,0.5516434,0.17290364,0.29511383,0.2009495,0.27780372,0.27775392,0.22508398,0.47555584,0.19267876,0.14949864,0.3962708,0.1798351,0.18209147,0.33961874,0.12773141,0.35399562,0.38007936,0.023077112,0.16460544,0.47773135,0.35584903,0.03740406,0.42105466,0.24550886,0.2702408,0.30319434,0.96970254,0.96560675,0.9691009,0.875401,0.5035029,0.95186824,0.711721,0.21880515,0.8600434,0.93119705,0.72718817,0.96584755,0.68491226,0.93031967,0.81349975,0.38982528,0.96501106,0.9031178,0.9605167,0.7796795,0.96805817,0.8984212,0.51573735,0.9376688,0.96694577,0.75952643,0.82196516,0.95403796,0.97309697,0.93976116,0.92468107,0.9575631,0.9590606,0.96272755,0.76220524,0.80539453,0.61122084,0.94997317,0.7769847,0.3825346,0.82011646,0.77387995,0.9480499,0.8594787,0.95487046,0.76649815,0.9770861,0.9046111,0.95674473,0.9183749,0.6553293,0.78907716,0.9155483,0.9745196,0.9540055,0.939441,1.0292655,0.9338799,0.9369288,0.9694323,0.9048929,0.7162545,0.9263357,1.1278188,0.7891864,0.7420289,0.886538,0.92156255,1.1924869,0.9815442,0.94084316,0.96779406,0.97063804,0.973385,0.968021,0.9684662,0.9689978,0.97080773,0.99495465,0.9676255,0.9625614,0.96343714,0.95588076,0.9646424,0.94664025,0.95327896,0.9657506,0.97530466,0.9635908,0.9585369,0.96403605,0.9601557,0.9646406,0.96410835,0.9515402,0.9710165,0.96077424,0.95355684,0.9946929,1.0910399,1.0162143,0.961838,0.9528148,0.96133447,0.96684647,0.9661568,0.96717656,0.9500552,0.9641906,0.9470927,0.94326097,0.9741663,0.97364926,0.94892985,0.9494465,0.95219487,0.94944024,0.95229334,0.98882884
13,0.031149777,0.47583663,0.24469028,0.19473195,0.4498831,0.046393335,0.36571035,0.2677611,0.38692313,0.26869467,0.050827343,0.45535627,0.36116078,0.0,0.028012015,0.13078435,0.13146207,0.2008359,0.092015274,0.29305518,0.0766013,0.22273707,0.2935576,0.38807186,0.19998568,0.5989309,0.27470708,0.50937676,0.1998994,0.38299558,0.28016344,0.16286887,0.26819903,0.20461553,0.34227568,0.13244241,0.3506882,0.4881366,0.54327774,0.13609958,0.12466773,0.4364925,0.21285658,0.4745293,0.23004657,0.18981625,0.021746598,0.23343097,0.06270363,0.021595923,0.3467519,0.19684942,0.116845,0.019771066,0.3828495,0.076898545,0.11652175,0.09356156,0.057967205,1.1104544,1.0979393,1.102567,1.0209817,0.48941842,1.0546963,0.72924775,0.44022918,0.9997583,1.0616657,0.8815462,1.1017618,0.4835496,1.0525976,0.47615936,0.49742836,1.1019903,1.046928,1.088179,0.90751594,0.7996954,1.0122207,0.66598547,1.0136349,1.0100859,0.8607412,0.9513015,1.0399636,0.9742971,1.0191637,1.0107379,1.0741047,1.0542608,1.0766537,0.85255456,0.91140944,0.39717907,1.0730225,0.91025585,0.2635345,0.6254854,0.9236678,1.0877086,0.9091305,1.0772167,0.89697933,0.995929,1.0299126,1.0616325,1.0103288,0.4799547,0.62624806,1.0238807,0.96976095,1.0123703,0.96712655,0.9607677,1.0601265,1.0125979,1.1074954,1.0208468,0.65064937,0.6311238,0.9965053,0.7489355,0.5155935,0.93861955,0.8914877,1.0477802,0.97203386,1.0170407,1.1067959,1.1078264,1.1085858,1.1036801,1.0987664,1.0980976,1.0993761,1.0005404,1.0978514,1.0244225,1.084957,1.0947444,1.0814111,1.0630949,1.0903097,1.0991207,1.1138023,1.0840011,1.0750588,1.086613,1.0744773,1.08898,1.0245291,1.0421869,1.1019555,1.0347095,1.065412,0.9978679,0.9206723,0.9488819,1.0616711,1.0747429,1.0500454,1.1027838,1.0976459,1.0904953,1.0131702,1.0975505,1.0330281,1.0043923,1.111318,1.1092457,1.0769145,1.0620452,1.0516652,1.0701317,1.063195,0.98947066
14,0.05916077,0.5038391,0.21736056,0.16693579,0.43785265,0.07430847,0.39356583,0.29575315,0.41486838,0.2966335,0.07866627,0.48335162,0.38914096,0.028012015,0.0,0.15877739,0.1056909,0.17719924,0.064214155,0.32106012,0.10427032,0.23942335,0.32154456,0.4151823,0.2237565,0.58177346,0.3027067,0.5364045,0.17463657,0.41100368,0.2530571,0.19083172,0.29182142,0.18077984,0.36776486,0.15272675,0.37522805,0.5122573,0.5688765,0.16409731,0.101357296,0.46241215,0.24069773,0.4923602,0.25626335,0.2174049,0.049715858,0.26140955,0.074754745,0.01518159,0.37463325,0.22476996,0.089135595,0.039411575,0.41084778,0.060588446,0.14450419,0.12131182,0.08595143,1.1266296,1.1136131,1.1182977,1.0378058,0.50061685,1.0685878,0.7393099,0.4654018,1.0163006,1.0773568,0.89956313,1.1176547,0.47724363,1.0677907,0.4522476,0.51651937,1.1179515,1.0635358,1.1035842,0.9237527,0.79339033,1.0270303,0.6852724,1.0258783,1.020022,0.87553996,0.96740746,1.0527707,0.9813142,1.0316185,1.0236906,1.088832,1.0676382,1.091197,0.86669046,0.926218,0.39111543,1.0881838,0.926821,0.2740162,0.618029,0.94119126,1.1038952,0.92010176,1.0923153,0.91344076,1.0041558,1.0453982,1.075633,1.0236853,0.4765778,0.6220261,1.0382756,0.97634864,1.0233854,0.97616553,0.962324,1.0755489,1.0248258,1.1235071,1.0357599,0.6550449,0.6122081,0.99247456,0.7543587,0.5059315,0.949586,0.89658785,1.0423182,0.97824335,1.0292838,1.1228709,1.1237801,1.1244076,1.1195495,1.1143045,1.1135595,1.1147985,1.0077468,1.1133881,1.0356258,1.0999707,1.1108539,1.0961243,1.077861,1.106317,1.1148578,1.1298198,1.0989453,1.0897809,1.10169,1.0890557,1.104164,1.03563,1.0553074,1.1175236,1.0467113,1.0798631,1.0049058,0.9134525,0.95060337,1.0753307,1.0898236,1.0629984,1.1186745,1.1132658,1.1056063,1.0245173,1.1132928,1.0458677,1.0156431,1.1272569,1.1250908,1.092384,1.0765597,1.0653433,1.0851493,1.0775917,0.99636126
15,0.099651515,0.34546214,0.3728413,0.32457063,0.51839423,0.08515144,0.23720993,0.13779713,0.25737485,0.13962722,0.08127514,0.32457423,0.23120588,0.13078435,0.15877739,0.0,0.25703934,0.31892252,0.22224742,0.16230495,0.056023918,0.18010148,0.16361943,0.26211703,0.112177335,0.68486446,0.1439336,0.38329583,0.32250413,0.25254408,0.40739557,0.03553499,0.17142913,0.32313398,0.22787721,0.10140749,0.24246661,0.37918082,0.4250994,0.011401308,0.24541067,0.3174778,0.08619867,0.40194917,0.11533853,0.0633409,0.10906188,0.10390416,0.12776883,0.14902662,0.21804161,0.06912989,0.24674946,0.12464479,0.25207165,0.19120441,0.01432288,0.039346777,0.073283225,1.0370076,1.0270398,1.0313578,0.9449109,0.45140305,0.99286234,0.6901929,0.32574823,0.92524385,0.99092215,0.8005975,1.0297593,0.5271503,0.9843764,0.5903326,0.4170909,1.0296501,0.9717522,1.0186657,0.8353012,0.83600605,0.94619787,0.5809717,0.960211,0.9679231,0.7962141,0.8793487,0.9835591,0.94655406,0.9646584,0.9538669,1.0080228,0.994951,1.0114578,0.79143554,0.8462947,0.44354975,1.004813,0.83636844,0.24756986,0.6699983,0.84484684,1.0143474,0.86298174,1.0092874,0.82373697,0.9621556,0.96041286,0.99921066,0.9514789,0.5110354,0.6565024,0.959811,0.94412124,0.9649491,0.9297328,0.95900816,0.99072117,0.9592593,1.0348722,0.95424575,0.6407022,0.7238336,1.0201722,0.7319956,0.57233137,0.8921667,0.8738714,1.0774945,0.94817555,0.96358895,1.0338652,1.0354863,1.0368901,1.0317814,1.0285298,1.0282394,1.0297042,0.97161764,1.0276278,0.9759761,1.0173911,1.0217189,1.0153468,0.99690056,1.0178167,1.0279022,1.0411117,1.0167837,1.0089953,1.0187246,1.0091246,1.0205497,0.97658,0.98423105,1.0315508,0.982283,1.00075,0.9697792,0.95957315,0.946486,1.0009211,1.0069182,0.9928461,1.0307857,1.0270138,1.0224137,0.9641255,1.0263169,0.9765223,0.95589626,1.0390292,1.0374309,1.00716,0.9970961,0.99090165,1.0026499,0.99881655,0.96217304
16,0.16089469,0.6016554,0.1163923,0.07426875,0.36375886,0.17675762,0.4941829,0.39475074,0.5143515,0.3966372,0.18140239,0.5789418,0.48803216,0.13146207,0.1056909,0.25703934,0.0,0.07461071,0.048432022,0.4179171,0.20101626,0.2832596,0.42054597,0.5008059,0.2962598,0.49038166,0.39944077,0.6203484,0.06905358,0.50878143,0.1503741,0.29118204,0.36059275,0.07756278,0.44377917,0.21854725,0.4460457,0.5785209,0.6428536,0.26406813,0.02199333,0.5394665,0.3419595,0.5295069,0.3389555,0.3098181,0.15140283,0.36094093,0.1394251,0.11042341,0.4750433,0.325395,0.03201186,0.1327314,0.5068672,0.069594495,0.24281406,0.2178305,0.18757062,1.1496437,1.1344845,1.1393944,1.0641876,0.5101228,1.0820158,0.73982376,0.53804404,1.0415537,1.0985,0.9322281,1.139468,0.421722,1.0868144,0.34741953,0.55866456,1.1400641,1.0888057,1.1233333,0.94827735,0.7332054,1.0446396,0.72573125,1.032657,1.0174319,0.89420605,0.9910471,1.0617247,0.96748924,1.0392368,1.0334364,1.1057216,1.0788953,1.1072814,0.88260823,0.94451696,0.33924705,1.1069548,0.9527722,0.29167148,0.5558969,0.97132397,1.1270767,0.92243433,1.110791,0.9390323,0.9948861,1.0658259,1.089484,1.0351267,0.43150514,0.57090354,1.0540335,0.9609013,1.025135,0.9703035,0.92815125,1.0955261,1.031547,1.1458141,1.0537608,0.6347498,0.5162305,0.93851346,0.7365585,0.43825576,0.9516649,0.8760911,0.98332137,0.96132845,1.0360386,1.1454607,1.1458302,1.1458735,1.1412494,1.1345776,1.133504,1.1345637,0.9944686,1.1336596,1.0380635,1.1180372,1.1336582,1.112913,1.0949796,1.1286932,1.1360004,1.1521202,1.1167161,1.1066431,1.1200218,1.1053028,1.1229469,1.0376495,1.0655577,1.1379111,1.0523574,1.0956154,0.990994,0.8494188,0.91711605,1.0877357,1.108236,1.0725,1.1404728,1.1339025,1.1240643,1.0276146,1.1344659,1.0549996,1.0184064,1.1492238,1.1466562,1.1124747,1.092603,1.0778848,1.1033138,1.0931236,0.98193926
17,0.2281215,0.65908986,0.08307238,0.08130383,0.30110466,0.24389248,0.5552658,0.45499524,0.57406956,0.4578483,0.24860859,0.6342871,0.54731804,0.2008359,0.17719924,0.31892252,0.07461071,0.0,0.12302783,0.4759005,0.26366588,0.30881894,0.48052555,0.548194,0.33945456,0.41753536,0.45753768,0.6649965,0.022530295,0.56678516,0.10420126,0.35408032,0.398666,0.004478936,0.4847249,0.26276436,0.48312324,0.6097328,0.67918575,0.32714048,0.076173365,0.579521,0.4050242,0.54040223,0.38738188,0.36602208,0.2189986,0.42208827,0.19333355,0.17925848,0.5360253,0.38803738,0.10368282,0.19825517,0.5631809,0.1281768,0.30510023,0.27968135,0.25380346,1.1436622,1.12705,1.1320952,1.061091,0.5019093,1.0696024,0.72123957,0.57472295,1.0377806,1.0914519,0.93456644,1.1326796,0.37028673,1.0783236,0.27532703,0.5725155,1.1334866,1.0847669,1.1151584,0.94461113,0.67511564,1.035394,0.7357466,1.0158981,0.99433136,0.8867869,0.98644245,1.0463016,0.9371378,1.0230198,1.0187353,1.0956143,1.0649793,1.0965971,0.87334156,0.9364385,0.29294738,1.098173,0.95009756,0.29910746,0.49805146,0.9715364,1.1213312,0.903359,1.101779,0.9362015,0.9674088,1.0584544,1.0773256,1.0215993,0.38705435,0.5198275,1.0434227,0.92951316,1.0049535,0.9452835,0.884801,1.0876642,1.0147549,1.139346,1.0447372,0.6032849,0.44202012,0.88303745,0.7054846,0.378447,0.9321981,0.84194773,0.9248014,0.9289646,1.0192423,1.1391966,1.1391784,1.1388047,1.1343709,1.1267166,1.1254147,1.1263413,0.96431285,1.1258022,1.0182756,1.1086963,1.1276082,1.1026956,1.0850934,1.122363,1.1287513,1.1456157,1.107173,1.0965114,1.1108582,1.0947441,1.1140877,1.017577,1.0510156,1.1301142,1.0346956,1.0847608,0.9604376,0.7885735,0.87426597,1.0745726,1.0991927,1.0573959,1.1336685,1.1263038,1.1149688,1.0083439,1.1272466,1.0397402,0.9989631,1.1424955,1.139654,1.1046005,1.0819703,1.0648732,1.0941218,1.0821276,0.9510994
18,0.12301327,0.5676318,0.15349685,0.1027303,0.40725657,0.13840848,0.45772368,0.35964146,0.47890276,0.36068583,0.14282139,0.5466433,0.45307323,0.092015274,0.064214155,0.22224742,0.048432022,0.12302783,0.0,0.38451463,0.16691647,0.27789584,0.38545433,0.47514054,0.27695745,0.5381857,0.36610675,0.59593767,0.11587117,0.47474226,0.18947603,0.254841,0.34384823,0.1259084,0.42358515,0.20125382,0.42872104,0.56413,0.6243659,0.22799015,0.05529895,0.5189941,0.30486456,0.52952856,0.31444412,0.27925146,0.11345792,0.32536125,0.118760325,0.07334847,0.43876702,0.2888566,0.024974445,0.098701715,0.47418994,0.058811393,0.20793036,0.1840305,0.14994115,1.1576104,1.1434115,1.1482242,1.0705119,0.5226116,1.0942187,0.757029,0.5200569,1.0483716,1.1072645,0.9354411,1.1479721,0.45947587,1.0965245,0.39438584,0.556425,1.1484325,1.0956717,1.1327567,0.95530283,0.7732958,1.054935,0.72482926,1.0477067,1.0364481,0.9038062,0.9985396,1.0758668,0.9910501,1.0539314,1.0471978,1.1164118,1.092051,1.1183332,0.8934186,0.9543637,0.37522775,1.1168016,0.9591481,0.29846078,0.5962866,0.97578394,1.1349434,0.9392331,1.120775,0.94555336,1.0166366,1.074877,1.1015085,1.0481476,0.4655866,0.6076648,1.0651684,0.9851038,1.0423307,0.99061763,0.9595241,1.1048156,1.04662,1.1540998,1.0638916,0.6602021,0.56457186,0.9768341,0.76129353,0.48006946,0.9686174,0.902167,1.0233034,0.9861168,1.0511029,1.1536169,1.1542331,1.1545424,1.149807,1.143776,1.1428499,1.1439917,1.017846,1.1428577,1.0549831,1.1282132,1.1417042,1.1236563,1.105555,1.1369295,1.1448059,1.1604154,1.1270235,1.1173465,1.1300807,1.1162797,1.1328058,1.0547465,1.0791388,1.147061,1.0679208,1.1068021,1.0146217,0.8908381,0.94822025,1.1003969,1.1182456,1.0864165,1.1489848,1.1429353,1.1340708,1.0442394,1.1432558,1.069056,1.0351617,1.157668,1.1552806,1.1217318,1.1036564,1.0904742,1.1134294,1.1044056,1.0057598
19,0.26190785,0.18374974,0.53416723,0.48666507,0.63454664,0.24711874,0.084736474,0.030881807,0.09917198,0.03704947,0.24303216,0.16235997,0.07213313,0.29305518,0.32106012,0.16230495,0.4179171,0.4759005,0.38451463,0.0,0.217765,0.24593797,0.01990225,0.12463945,0.16489059,0.8113191,0.018476438,0.23671791,0.48155355,0.090979464,0.5681736,0.1315882,0.15994564,0.4802482,0.14114109,0.22311147,0.16835065,0.27655056,0.2972542,0.1573916,0.40481657,0.19641042,0.0875884,0.36579162,0.11173032,0.110138655,0.2713509,0.06278951,0.2825875,0.311226,0.06666395,0.09976123,0.40893683,0.2864703,0.089843884,0.35028437,0.17660724,0.20069192,0.23530656,0.9675387,0.96143806,0.9652286,0.87341857,0.45978165,0.9408788,0.6796168,0.21613914,0.8564861,0.9262545,0.7253757,0.96251446,0.6203343,0.92348105,0.74139315,0.36598763,0.9619187,0.9010154,0.9552195,0.7722611,0.9099117,0.88930446,0.5082173,0.9207136,0.9435513,0.7456855,0.81548613,0.93938464,0.9416729,0.92355853,0.9097365,0.9496989,0.9464694,0.9543249,0.74599457,0.7933313,0.54453796,0.94351286,0.7708095,0.31807452,0.7576429,0.7716371,0.9454227,0.83611524,0.9482986,0.7595069,0.94903713,0.8981905,0.94626176,0.90463656,0.59302163,0.7299842,0.9053941,0.94200814,0.93355864,0.91269314,0.98620665,0.92798936,0.91990256,0.96663517,0.8963375,0.66970485,0.85560024,1.0758119,0.7480261,0.67567456,0.8640194,0.8839242,1.1389364,0.94823474,0.9239719,0.9652015,0.9676476,0.9699565,0.9646489,0.9638543,0.9641138,0.9658185,0.96457416,0.9629884,0.9429262,0.9567614,0.95314264,0.9569,0.93864566,0.9500862,0.9618241,0.97266394,0.9566639,0.95067805,0.95760727,0.95181644,0.95862067,0.94419247,0.9378799,0.9665766,0.9436392,0.9445963,0.9638587,1.0334346,0.9732303,0.9502905,0.9461269,0.9473577,0.9635282,0.9617979,0.9609478,0.93054503,0.96024686,0.9323676,0.92326623,0.97120017,0.97031546,0.94359267,0.94061095,0.94046825,0.94243634,0.943106,0.95746344
20,0.046212737,0.4012337,0.31685328,0.26890013,0.47741073,0.03472616,0.29320177,0.19379091,0.31338271,0.1956328,0.032606777,0.37975293,0.28716317,0.0766013,0.10427032,0.056023918,0.20101626,0.26366588,0.16691647,0.217765,0.0,0.17801242,0.21960531,0.31177837,0.1333013,0.6388762,0.19932283,0.43314043,0.2667032,0.30830362,0.35137182,0.090554886,0.20036562,0.26782787,0.2690047,0.085067995,0.27961376,0.41747245,0.46934253,0.063511804,0.18961392,0.36208278,0.14151686,0.42000896,0.15566936,0.11321573,0.055004388,0.15992491,0.075906776,0.09356848,0.27404538,0.124688305,0.1912089,0.06873794,0.30732894,0.13562989,0.04181445,0.017114442,0.024412371,1.0575117,1.0462762,1.050752,0.9665928,0.452827,1.0076472,0.69350255,0.3673478,0.9461198,1.0100317,0.8245034,1.0495416,0.49502182,1.002241,0.5363412,0.43934476,1.0495986,0.9930265,1.0372113,0.8548758,0.808002,0.96293086,0.60644877,0.97093886,0.97342587,0.811921,0.8988759,0.9957373,0.9454874,0.9759047,0.9662147,1.0248814,1.0085305,1.027892,0.80547607,0.8623994,0.40970898,1.0227019,0.8567779,0.23524146,0.63830936,0.8677511,1.0347797,0.8701005,1.0270462,0.8438,0.96382666,0.97886634,1.014288,0.9647651,0.48351842,0.63019013,0.9756196,0.9421138,0.97287625,0.9329759,0.9467014,1.0091741,0.96994525,1.054967,0.97127336,0.63080883,0.6758369,0.9975598,0.72553855,0.5357187,0.89949405,0.8681607,1.0525904,0.9453882,0.97433615,1.0541104,1.0554425,1.0565308,1.0515153,1.0474432,1.0469669,1.0483425,0.9711307,1.0465336,0.98440087,1.0349845,1.0419952,1.0322075,1.0137972,1.037825,1.0472965,1.0612478,1.0342065,1.0258464,1.036477,1.0256313,1.0385687,0.9847744,0.9971475,1.0505505,0.9925811,1.01691,0.9689163,0.9308725,0.9344191,1.0151988,1.0246226,1.0054171,1.0505673,1.0461189,1.0402653,0.9728072,1.0457165,0.9887366,0.9643064,1.0589646,1.0571308,1.0258075,1.0133893,1.0051697,1.0201811,1.0148364,0.96094173
